44 49
2122
39 44
19 6
26 26
35 27
46 42
15 14
12 12
45 15
43 6
45 12
29 36
48 22
4 7
46 14
22 25
17 5
18 7
32 12
42 47
44 20
4 33
48 43
33 6
36 23
22 42
49 28
8 6
28 36
34 31
18 49
39 4
8 8
5 4
45 1
25 40
15 9
8 28
28 7
1 5
18 33
35 14
47 6
14 9
34 14
38 36
9 27
32 47
30 12
48 2
13 4
45 10
24 47
48 9
28 48
28 41
39 41
8 23
10 6
43 48
47 28
32 20
23 31
21 41
5 8
17 44
19 40
35 18
45 47
35 26
35 47
34 11
1 15
32 18
4 34
39 2
7 47
13 34
30 27
23 1
3 8
11 32
21 24
44 34
28 34
21 18
26 13
5 15
43 2
1 48
12 5
46 36
17 1
41 22
27 21
25 7
34 10
31 35
49 3
40 17
42 39
7 42
2 48
44 43
23 4
32 5
31 37
28 25
7 33
41 46
7 23
3 17
18 48
37 17
19 48
22 17
2 45
31 23
8 37
13 11
13 18
39 45
23 3
16 45
17 2
45 7
18 47
1 20
3 13
47 4
44 2
11 36
37 42
18 5
5 22
13 17
39 26
40 41
46 22
18 42
30 18
48 33
11 45
14 15
21 17
33 46
29 12
42 22
19 46
8 49
7 45
41 21
48 12
21 36
20 18
43 10
33 39
48 48
18 36
44 48
24 23
30 5
39 34
44 9
16 15
38 19
1 39
19 34
4 48
15 7
19 3
46 16
1 19
18 1
18 12
35 17
41 41
28 38
42 30
1 26
43 3
35 21
36 15
8 13
35 42
43 15
42 33
16 38
32 45
49 42
20 45
17 3
41 23
15 46
15 25
36 29
23 14
22 44
12 10
25 28
14 29
20 2
7 27
48 40
40 37
33 38
46 18
13 44
25 1
4 41
49 35
29 15
42 27
37 18
9 1
32 28
1 17
26 9
36 18
16 7
3 6
25 31
21 28
37 5
27 11
5 26
1 21
49 20
42 9
49 30
9 42
4 6
42 3
40 18
27 49
44 41
25 47
33 40
6 35
3 18
42 4
14 41
41 5
36 8
10 26
14 26
36 1
5 47
6 10
21 27
11 5
41 37
46 31
11 46
41 15
30 36
46 33
39 10
46 48
32 6
16 22
49 32
34 3
39 22
32 13
17 17
30 9
7 21
19 31
31 20
32 34
18 32
24 19
11 40
44 24
12 47
20 27
20 23
13 3
43 23
43 16
14 1
40 6
1 12
43 26
44 32
6 21
26 16
31 21
42 18
15 12
7 29
44 40
1 14
46 27
44 33
5 44
6 32
35 19
19 1
46 38
28 2
1 41
32 39
18 43
38 18
18 2
35 29
41 44
7 26
6 45
49 16
41 24
15 39
21 47
10 43
8 44
35 15
1 38
19 7
40 16
34 36
1 32
44 42
11 1
3 21
28 3
4 8
18 21
43 28
28 37
38 31
19 29
34 48
12 24
26 4
36 24
20 42
16 8
8 43
39 7
47 31
39 37
3 9
7 28
47 35
45 29
13 27
42 40
9 5
42 23
39 5
49 24
13 25
33 43
22 5
13 49
22 14
35 31
22 8
2 37
27 45
31 1
1 36
17 19
34 19
2 41
5 32
2 11
34 22
20 15
40 43
18 24
22 38
3 11
1 3
6 37
15 1
9 40
46 39
43 8
42 28
12 29
27 41
45 38
43 43
3 31
29 16
4 28
40 29
7 15
13 48
6 7
9 41
18 17
24 49
33 48
11 48
10 45
23 15
6 34
2 49
16 35
3 16
16 12
43 37
34 39
27 18
37 38
11 14
3 44
41 34
36 38
12 30
21 39
11 19
6 4
14 25
19 11
19 21
7 32
31 32
12 11
22 33
27 28
19 30
3 15
23 38
5 2
5 45
21 14
44 5
22 4
42 26
44 27
21 20
25 36
24 24
26 35
25 23
1 13
15 3
27 34
4 49
21 29
48 19
38 45
34 9
32 25
19 47
31 31
21 32
22 40
6 30
38 34
46 46
49 40
1 7
17 23
7 46
20 9
48 11
31 40
9 3
46 43
43 1
11 38
37 44
6 41
30 17
48 7
18 14
48 36
4 26
40 11
32 16
41 48
10 5
6 20
12 18
44 8
7 12
7 48
48 45
38 14
5 36
24 43
23 13
25 43
17 6
30 19
16 18
38 8
29 46
20 7
21 49
5 33
35 3
38 10
8 22
4 32
23 35
23 49
13 16
26 23
6 13
48 3
40 19
49 5
24 6
23 24
31 6
22 49
34 46
10 46
46 19
30 49
29 30
27 16
30 11
29 40
35 13
41 43
41 42
40 39
16 10
4 46
34 34
28 4
27 20
23 10
8 42
49 26
30 21
4 9
1 8
6 25
36 5
40 25
20 28
4 12
6 11
5 25
1 2
14 16
18 6
19 25
30 44
23 46
39 17
41 12
14 19
12 38
30 15
16 48
39 39
38 26
27 7
14 11
9 47
31 26
48 10
35 12
4 16
19 44
33 19
12 43
5 42
11 30
37 11
20 40
31 39
10 25
41 1
40 35
45 3
10 40
1 40
38 4
2 33
2 34
7 14
27 17
16 28
31 45
19 14
14 17
31 5
29 47
3 3
10 41
13 38
25 46
15 18
44 46
25 25
2 2
4 17
12 8
10 30
3 46
23 26
21 33
21 4
24 39
28 6
32 36
36 20
30 48
30 25
35 1
24 37
7 6
25 20
42 12
34 32
34 40
2 13
35 10
16 47
43 24
46 11
29 10
5 16
47 27
39 43
48 27
38 28
39 6
25 22
40 4
42 45
48 24
15 36
19 10
3 14
29 5
39 28
22 48
31 2
22 27
4 21
20 6
14 10
9 35
13 12
30 3
48 35
6 43
4 45
30 34
8 24
46 41
26 46
34 13
11 3
33 17
48 32
10 21
27 1
45 16
18 9
14 2
15 38
46 34
14 43
38 21
19 43
47 29
23 16
45 4
33 35
36 3
32 23
49 22
26 8
4 22
20 16
18 30
37 6
35 35
20 24
5 49
29 26
32 49
12 46
41 35
40 21
9 36
40 45
25 29
17 14
48 13
17 9
38 2
33 32
20 25
40 15
5 21
32 17
6 2
47 13
43 12
3 32
37 9
28 42
29 44
21 46
7 44
11 28
1 30
20 32
38 47
6 23
31 4
5 46
1 11
27 42
14 20
33 10
47 48
10 4
47 30
7 34
26 10
34 15
19 18
22 9
39 46
18 13
16 1
41 8
46 5
25 37
43 13
31 27
29 24
28 35
48 4
35 41
17 46
11 42
47 40
39 36
23 43
28 43
48 47
15 10
8 11
43 11
46 10
45 24
33 28
27 4
18 18
47 7
23 33
19 38
12 3
8 10
28 28
24 1
23 30
16 11
15 28
44 28
10 8
6 39
13 32
43 25
13 1
29 27
36 10
32 10
12 31
30 33
27 27
46 6
25 10
14 31
6 6
16 2
43 5
39 15
36 28
28 19
11 37
15 49
36 26
13 26
16 37
18 46
42 2
32 2
10 12
36 44
24 38
24 31
16 33
6 47
1 22
24 40
5 12
7 41
1 1
36 36
48 23
20 17
22 29
45 27
43 18
28 49
32 4
46 1
9 9
14 37
28 12
15 35
28 33
35 25
10 7
30 28
36 33
15 17
9 29
48 18
45 18
41 40
32 21
15 26
4 36
10 37
43 45
12 42
36 30
21 16
28 1
24 4
10 20
34 26
38 12
19 22
5 14
44 1
12 35
27 37
14 7
4 31
27 3
23 39
42 25
3 12
30 6
11 29
42 46
41 33
23 2
40 1
8 47
26 1
44 26
40 46
16 49
10 9
35 11
32 43
40 40
34 18
2 32
38 24
32 3
2 12
44 11
29 20
15 41
19 35
39 12
15 43
42 14
10 44
16 19
7 24
2 14
9 33
33 41
22 16
34 12
22 1
25 35
49 9
10 29
44 49
6 29
3 25
29 9
25 5
26 47
30 4
39 18
7 9
44 22
32 46
44 47
34 44
9 24
23 5
17 30
5 30
33 42
37 24
34 43
26 27
7 3
27 15
31 13
40 44
16 31
3 48
1 29
33 1
33 13
5 34
37 22
38 20
48 37
33 37
49 46
47 25
36 13
21 8
35 28
3 20
31 38
47 47
40 33
32 48
7 22
34 21
2 30
32 22
48 5
30 41
8 33
5 7
43 7
45 2
43 44
3 29
49 45
6 33
24 12
36 16
46 47
42 42
49 39
20 44
47 45
25 13
40 23
37 37
39 3
31 12
18 22
9 21
48 44
17 47
37 12
8 1
40 32
15 30
32 14
3 47
12 48
5 37
27 44
19 41
2 7
18 45
5 23
2 21
31 15
28 9
44 18
15 24
19 4
2 15
15 23
10 38
22 43
21 5
16 26
8 12
11 16
32 7
25 3
5 13
26 11
3 24
5 1
45 26
30 16
23 44
27 10
45 22
27 36
12 6
47 46
10 42
15 34
22 32
30 37
19 39
9 49
34 30
3 22
5 19
37 7
5 43
29 29
15 5
43 49
31 47
31 24
4 39
38 5
38 15
29 8
9 14
37 39
38 3
29 17
14 38
21 1
36 34
36 41
35 20
19 37
20 10
28 8
38 33
12 9
44 44
37 31
31 7
31 18
5 29
49 38
9 2
8 32
33 47
28 18
41 30
36 11
22 35
46 21
22 34
6 12
45 11
31 16
22 11
38 35
7 7
35 49
21 9
36 17
1 25
38 44
4 10
39 48
45 5
47 10
4 43
38 43
14 4
37 2
11 10
27 19
18 20
31 33
33 25
26 20
40 22
47 41
27 25
42 11
45 32
44 17
37 26
8 39
9 39
40 7
27 6
14 6
35 39
31 44
9 18
25 21
15 8
27 43
24 9
4 25
38 23
33 23
17 8
35 5
34 2
7 18
19 28
24 22
37 23
41 19
1 28
26 25
3 4
13 2
37 4
33 27
20 41
29 14
13 40
23 23
45 48
25 48
9 16
18 39
45 21
22 24
9 44
37 48
45 13
13 31
26 30
40 10
11 21
32 1
40 48
46 23
23 36
48 20
18 37
43 22
2 43
39 14
2 26
32 42
9 45
2 24
24 25
21 25
20 12
13 42
48 1
13 15
45 49
27 2
34 1
13 35
47 33
25 9
38 16
37 21
2 3
23 37
11 33
34 38
3 5
38 41
6 26
21 6
15 20
23 41
36 35
26 42
37 27
28 29
7 49
7 13
2 29
43 9
40 24
10 1
48 28
20 19
2 35
43 20
3 41
10 17
22 21
34 23
11 18
25 38
32 31
44 4
48 41
34 24
8 18
16 42
49 18
37 40
48 30
33 29
15 11
38 7
25 24
14 14
21 48
5 28
34 33
46 9
40 34
32 9
21 11
30 45
5 17
47 20
32 8
10 49
28 30
28 5
45 44
15 6
10 2
45 23
22 47
20 26
2 8
2 6
26 7
38 9
36 7
19 27
36 32
18 28
49 34
22 26
8 48
42 5
41 28
9 13
25 14
10 33
47 24
45 39
36 9
8 25
31 11
28 23
48 17
25 39
9 30
4 4
39 19
43 41
5 11
29 13
43 31
17 41
39 32
19 24
28 20
41 14
20 13
22 12
39 24
43 35
3 2
37 49
35 24
9 23
43 14
43 17
20 21
16 21
15 4
46 12
47 43
49 21
4 13
11 49
9 46
35 6
19 45
42 41
4 29
42 43
21 35
21 38
47 14
42 21
42 38
24 48
6 18
26 36
25 16
28 24
3 33
43 27
45 45
32 44
4 35
20 46
22 3
37 36
38 27
12 37
40 27
31 17
20 30
45 46
29 43
40 28
35 46
17 29
32 37
33 44
18 10
19 12
41 4
10 14
4 44
18 34
36 4
16 30
33 18
49 27
22 36
46 25
36 22
45 25
2 4
36 12
20 29
8 2
27 26
18 15
22 19
16 44
41 6
22 41
25 32
42 20
35 22
18 29
29 41
3 1
3 28
40 12
2 19
44 6
44 7
29 23
47 3
30 46
22 31
49 4
26 12
20 34
1 44
37 25
10 35
15 31
23 20
12 28
43 21
46 30
48 21
13 7
28 44
37 10
48 6
28 40
35 37
29 48
49 14
46 15
23 25
10 10
49 31
2 17
27 24
44 14
41 7
12 7
7 4
28 22
9 10
2 18
47 15
8 17
46 28
28 16
47 44
39 40
14 8
28 21
17 18
29 32
8 45
49 23
36 25
38 42
40 2
40 26
10 48
17 25
31 8
29 49
6 31
6 38
5 40
36 49
29 21
7 2
33 24
14 34
47 12
13 30
9 17
33 34
11 44
47 17
38 32
2 10
13 39
12 21
24 36
39 9
33 12
9 38
36 45
44 15
45 28
20 49
1 27
14 32
31 28
13 33
19 8
10 16
30 13
8 34
2 25
2 5
8 29
39 27
46 37
23 42
35 44
32 38
38 29
14 27
17 13
15 21
39 1
27 12
46 32
10 24
10 23
36 39
36 6
49 13
30 22
7 25
8 36
26 17
29 28
14 28
16 24
35 48
25 12
38 49
49 44
25 27
12 20
21 12
40 38
41 2
36 21
28 45
47 42
3 26
27 47
1 46
45 43
1 33
34 29
42 32
28 14
21 3
23 40
27 46
45 34
17 20
43 4
26 43
21 13
34 28
46 4
6 3
43 30
20 37
24 28
45 33
26 34
16 29
34 8
12 22
37 14
24 44
1 24
42 7
9 8
11 11
10 15
45 35
29 38
23 21
42 24
11 47
36 27
37 46
2 31
30 39
16 14
42 16
18 19
33 26
39 42
36 19
21 31
26 39
39 21
12 26
3 35
31 30
24 14
7 38
35 30
31 49
8 26
7 30
46 40
8 30
15 33
27 48
24 18
44 39
17 48
16 46
41 36
34 27
20 36
15 40
30 8
22 45
3 40
12 27
49 33
27 39
34 42
19 9
18 41
17 34
36 14
19 15
36 2
8 16
23 12
34 7
39 11
31 14
19 26
12 44
20 33
47 21
32 41
41 17
40 20
29 4
7 10
28 27
7 37
14 42
9 31
44 29
22 6
3 42
49 37
14 12
26 22
27 8
49 29
43 32
45 9
18 31
26 2
24 21
24 7
10 31
2 42
16 43
12 40
36 48
6 8
12 49
19 19
26 18
24 42
34 45
25 17
24 16
48 38
24 5
17 33
42 35
3 34
36 37
31 41
2 23
26 44
42 34
17 31
22 2
10 32
16 4
12 15
44 3
29 7
34 20
24 29
18 11
12 32
12 17
13 28
7 36
47 8
6 22
29 3
29 37
12 25
1 18
20 31
44 21
49 47
29 11
9 28
39 8
41 32
27 29
38 17
17 4
11 15
18 4
30 10
8 15
6 24
42 13
3 27
2 16
11 2
14 40
5 27
4 47
45 42
10 27
41 26
1 45
31 9
41 13
40 9
41 3
35 36
29 18
22 46
21 23
7 35
16 34
37 20
13 45
35 9
12 34
9 6
22 28
9 4
19 20
49 19
43 46
46 49
17 39
30 40
4 27
1 23
35 4
11 26
24 26
12 36
33 36
27 9
25 33
9 32
38 48
5 31
6 49
25 42
1 10
17 28
7 1
46 8
37 33
29 34
6 46
26 32
44 37
11 39
18 40
8 31
16 32
26 33
8 19
34 41
40 13
25 34
30 42
13 9
17 12
20 35
45 14
29 22
20 22
37 45
9 15
6 27
37 30
17 24
8 9
42 48
45 19
3 23
33 2
13 19
24 32
7 43
35 32
33 33
49 10
23 27
17 40
8 20
27 33
5 5
7 40
45 41
24 33
34 16
2 20
11 24
28 26
16 13
46 7
13 5
44 13
5 20
7 16
21 40
11 25
14 13
26 37
42 49
37 41
37 28
11 35
28 32
21 34
18 38
8 40
26 24
44 38
48 16
44 30
22 13
18 26
29 1
48 8
13 46
13 8
6 5
29 35
25 4
13 10
39 25
14 22
1 9
11 4
39 33
6 19
46 17
22 37
17 36
10 36
26 48
45 8
11 12
39 31
19 49
26 21
27 22
28 15
30 20
9 25
46 26
5 10
42 15
26 19
29 2
11 41
14 3
13 41
37 1
26 31
7 19
20 48
9 22
15 37
26 40
17 42
16 5
27 40
48 49
25 44
35 34
15 45
27 23
14 45
24 3
10 28
7 11
47 37
24 35
5 6
13 47
35 7
23 28
3 19
11 8
41 18
13 24
34 5
20 11
38 40
18 23
18 8
22 20
20 39
35 38
3 39
17 16
2 47
31 46
25 18
11 7
37 3
32 32
1 35
11 13
26 38
42 44
44 19
27 14
9 37
33 20
45 17
39 35
23 11
39 16
23 9
9 26
47 19
30 1
6 44
14 24
24 34
11 27
9 20
24 30
8 38
17 35
49 48
45 6
40 8
28 17
31 22
40 5
47 22
19 2
41 49
17 27
23 34
35 23
7 31
49 36
7 39
49 43
37 32
25 15
24 11
21 37
4 37
43 39
6 40
35 45
22 22
30 38
39 29
21 15
10 22
49 11
22 39
1 37
8 5
1 43
13 14
37 35
30 2
43 34
4 18
33 9
35 16
13 37
17 21
16 17
3 49
49 1
31 3
46 29
23 47
8 41
32 35
38 6
5 41
48 29
27 30
33 31
10 19
34 37
11 20
46 3
48 42
28 31
1 16
19 23
31 36
15 47
24 27
13 20
36 42
49 2
46 2
13 23
24 20
3 45
8 27
8 3
24 8
14 36
12 23
19 42
23 6
25 2
17 32
45 30
9 19
5 24
4 42
29 42
17 38
19 33
43 40
15 42
48 14
30 24
20 5
20 3
34 6
10 3
29 6
16 27
2 36
2 39
38 11
47 32
13 43
48 15
37 15
41 38
16 3
4 23
3 43
6 36
35 8
44 23
24 15
44 16
40 36
14 35
4 40
41 45
28 13
4 14
20 1
20 38
44 25
41 25
15 16
14 48
30 7
20 47
4 20
33 3
33 22
10 13
36 47
38 37
2 44
48 26
9 11
42 29
24 13
32 24
5 18
27 5
39 38
47 2
7 17
43 42
31 19
30 31
47 1
43 19
20 14
41 9
43 33
27 31
42 19
27 38
8 46
4 19
48 31
22 10
16 6
19 17
34 25
10 18
49 25
42 1
16 16
48 46
42 8
18 44
11 43
14 47
40 49
9 12
32 40
11 22
1 4
34 35
18 27
17 7
12 39
38 25
42 10
18 3
15 32
5 38
12 19
39 49
32 19
3 7
33 45
19 16
40 3
3 30
30 23
40 30
15 29
23 18
37 13
21 42
8 21
30 29
30 32
26 15
32 29
47 9
49 12
31 48
42 36
12 2
38 30
12 14
49 7
2 9
39 23
38 22
11 6
47 26
24 17
46 20
46 45
23 45
45 36
18 35
21 43
5 35
22 30
15 27
12 4
6 17
48 34
31 34
27 35
1 47
45 31
