100 100
10000
86 56
23 91
4 54
1 78
39 57
27 27
12 95
100 82
91 57
89 52
14 31
97 97
57 26
10 83
50 77
24 24
98 6
43 14
94 98
79 9
41 46
32 100
27 63
66 26
23 88
54 13
36 100
24 38
4 13
28 90
20 87
88 42
79 29
83 21
76 59
73 5
12 83
33 40
41 31
9 60
73 90
67 58
63 6
62 66
31 98
57 81
72 72
98 73
12 8
37 45
77 40
43 88
8 83
41 59
17 86
74 22
45 18
63 66
32 65
27 32
23 64
11 87
88 89
81 100
30 46
99 9
10 59
14 58
10 2
75 22
65 40
35 63
43 87
8 73
5 41
68 79
92 74
84 32
22 74
85 80
88 39
6 68
86 3
84 56
41 27
32 61
10 11
14 100
17 13
40 20
24 76
10 86
31 77
17 52
45 61
12 10
33 17
13 3
75 87
73 35
85 13
1 92
31 65
90 66
26 22
8 35
79 32
69 26
43 1
52 52
41 45
6 24
66 86
42 57
96 27
31 75
91 12
73 87
29 17
36 64
32 19
70 69
78 91
95 5
20 70
3 88
78 14
15 8
94 36
12 16
4 69
78 77
97 35
6 50
82 57
94 55
75 68
23 44
99 88
90 40
92 78
96 42
19 35
44 93
11 86
27 93
66 84
63 99
70 7
21 63
41 75
86 77
39 42
87 36
59 93
61 72
68 28
67 71
96 91
93 82
4 77
24 83
69 71
3 90
35 9
16 79
20 33
65 52
88 66
18 29
73 23
94 8
66 74
90 10
76 57
1 43
64 74
16 21
41 70
89 73
51 29
16 16
42 89
57 21
3 84
29 9
88 32
34 47
7 56
78 9
50 15
97 75
25 5
98 70
85 91
66 27
16 11
85 33
79 89
47 96
28 52
28 32
54 79
10 21
4 92
89 18
73 79
98 69
84 64
47 88
72 90
19 84
29 1
61 88
34 89
92 71
80 41
5 68
71 45
13 57
59 38
37 55
11 72
52 54
60 18
86 26
89 9
14 51
61 57
19 37
87 26
35 68
82 21
95 99
7 49
31 69
43 83
38 12
12 2
75 70
65 29
97 22
55 66
80 33
59 22
39 13
47 55
63 26
2 59
96 37
100 37
81 94
49 65
68 78
60 44
78 43
13 49
66 3
4 40
64 91
44 32
63 50
26 58
62 74
71 53
2 55
62 81
66 13
49 87
87 13
8 31
78 3
25 54
74 73
3 93
5 1
74 39
65 23
60 2
33 47
83 72
3 92
79 61
43 58
87 61
17 16
55 44
26 12
16 53
31 22
65 10
71 90
29 60
46 69
39 71
71 5
1 46
50 25
81 73
21 65
81 67
71 58
71 81
36 54
52 59
82 39
22 32
41 74
58 81
73 67
89 99
27 44
2 75
99 98
69 99
24 53
88 18
26 18
32 82
9 33
24 78
100 56
49 98
89 10
58 21
28 36
67 97
18 41
68 11
6 70
99 2
93 61
72 89
82 80
35 37
61 39
74 92
83 33
66 22
21 53
35 66
68 22
17 40
76 26
90 80
9 19
30 94
97 5
56 36
7 82
17 67
47 24
53 24
47 22
64 64
93 52
28 89
23 47
61 62
51 83
4 23
3 85
31 55
29 82
33 74
10 69
19 9
70 66
81 60
27 20
96 63
14 64
3 46
82 10
80 55
51 81
37 32
51 69
3 96
35 38
98 82
22 89
10 33
94 99
36 4
54 45
36 60
70 9
54 71
82 20
69 56
33 76
51 27
72 84
42 85
89 57
12 30
86 9
33 15
95 75
72 52
63 43
4 16
65 55
53 99
83 62
62 7
77 65
2 100
85 3
4 35
85 22
22 83
47 49
7 99
98 67
30 95
17 71
92 88
13 87
92 64
43 86
47 72
52 80
34 53
73 81
97 16
73 74
99 77
77 15
100 96
11 41
52 65
59 45
100 50
44 100
61 77
51 87
73 98
87 86
55 61
31 76
19 43
4 21
63 61
40 30
71 89
83 55
76 21
18 37
73 96
32 95
63 45
48 53
24 1
51 28
76 3
53 9
38 49
7 53
53 59
85 97
7 52
51 20
6 4
60 87
21 14
51 75
37 34
93 68
98 5
1 10
7 30
41 15
49 21
90 29
61 21
94 59
75 21
2 78
92 5
64 96
5 36
1 65
42 48
29 80
26 20
22 68
53 76
90 89
88 55
67 33
75 56
25 2
6 32
83 28
29 75
28 92
17 83
36 96
8 22
68 56
39 61
74 28
2 53
20 84
49 6
5 30
83 52
67 72
62 90
78 34
24 59
96 51
81 64
93 84
88 88
66 56
87 60
33 39
38 28
25 67
30 17
43 57
35 70
34 94
40 37
73 47
25 77
74 20
95 30
28 30
86 97
65 28
22 43
96 2
59 15
5 52
57 87
6 36
38 15
1 29
58 22
17 73
75 3
92 43
80 88
22 41
93 6
59 66
64 23
55 52
39 51
60 82
54 7
15 13
63 46
40 82
27 40
34 44
70 55
97 24
89 66
72 17
1 63
69 24
94 4
65 15
75 9
6 84
98 39
19 75
78 57
20 97
44 54
1 97
11 58
18 98
76 45
58 85
89 35
46 13
18 25
72 14
27 72
7 96
87 83
85 24
13 99
87 42
33 56
46 25
60 100
79 88
69 34
10 16
11 68
59 56
71 42
10 47
86 32
33 12
51 93
17 14
48 34
60 52
100 3
59 80
42 19
93 22
71 64
34 28
34 73
68 32
79 47
54 19
76 81
24 52
76 47
40 65
17 91
66 25
9 48
51 43
35 21
100 64
11 96
45 81
56 37
67 26
73 36
71 44
78 1
24 36
90 43
26 87
72 92
22 71
86 17
20 57
84 70
36 32
83 39
78 59
55 98
15 47
76 73
71 21
87 53
42 11
52 17
79 60
82 61
30 6
58 76
46 9
10 25
48 29
40 66
34 4
85 39
69 35
65 66
91 42
67 4
6 95
13 97
33 6
91 1
49 43
25 74
93 1
44 24
19 95
40 59
97 39
57 91
36 57
50 19
14 82
29 61
53 66
2 48
41 95
49 74
5 45
29 44
36 3
21 73
39 46
94 63
97 82
97 8
33 60
66 67
26 2
79 72
25 57
44 86
96 79
5 92
89 15
80 40
42 26
88 94
79 66
43 94
79 74
53 56
75 52
15 99
32 60
100 79
14 39
15 80
3 62
51 55
95 20
55 12
86 60
99 75
55 37
36 67
15 39
60 85
33 9
99 5
18 22
18 31
39 93
42 7
29 85
81 20
92 47
36 42
70 30
95 8
9 82
23 17
100 86
73 12
9 51
61 44
63 92
3 45
22 59
70 24
63 48
76 74
46 100
92 81
4 43
6 75
78 53
31 92
98 30
63 4
90 47
64 20
43 18
79 22
88 64
36 76
95 65
85 38
29 73
20 48
31 34
43 97
51 90
79 13
69 29
12 32
74 36
97 49
3 73
10 28
85 11
99 43
71 68
3 12
38 99
22 80
76 54
28 84
60 96
49 83
74 12
44 89
25 7
9 62
100 1
55 32
60 34
49 16
86 11
79 65
81 93
60 27
14 55
85 69
16 80
78 11
50 41
2 61
15 43
82 45
71 72
80 17
90 84
42 37
25 86
48 13
44 4
43 34
56 80
38 10
3 25
71 16
17 88
69 73
87 45
52 4
84 69
75 62
21 75
51 79
55 94
22 10
13 62
38 74
48 76
88 41
22 75
81 63
16 34
55 58
40 14
58 91
99 72
77 78
10 43
99 13
88 48
54 94
23 23
23 81
74 85
56 65
51 16
66 71
84 80
28 37
35 60
56 8
58 9
94 1
69 53
77 42
97 2
26 77
79 8
77 68
9 47
83 96
12 28
86 15
35 98
92 62
65 3
61 99
59 10
94 78
82 38
75 40
20 61
37 57
64 22
30 61
17 68
20 85
33 83
99 54
80 94
22 29
42 79
97 10
53 62
83 22
57 86
49 27
16 83
68 60
29 8
47 32
20 6
8 42
74 86
52 48
2 22
81 85
34 60
59 58
11 11
67 75
27 69
4 38
81 8
5 49
3 8
14 14
25 64
1 90
93 91
60 47
26 55
76 10
68 97
56 11
22 26
36 6
2 29
29 58
57 3
7 11
75 66
70 95
95 97
68 94
90 44
65 5
52 33
34 55
29 68
75 27
85 60
62 47
55 65
3 29
63 30
81 46
83 31
85 99
51 94
34 57
84 73
80 36
57 96
1 13
24 71
73 27
33 61
95 10
40 52
68 98
25 90
88 9
77 22
10 35
51 41
76 23
67 39
90 63
64 27
99 90
34 15
38 62
60 38
65 60
43 32
8 26
42 30
71 74
24 63
56 53
75 92
35 11
85 49
3 74
23 95
92 49
76 27
18 76
60 93
50 22
11 77
2 66
29 15
56 38
79 6
25 47
9 77
27 42
11 1
52 23
49 44
79 38
90 45
72 88
55 24
18 5
62 75
75 96
59 54
94 25
64 100
44 49
71 61
77 60
35 72
6 77
35 75
85 61
59 89
5 6
25 42
77 54
30 7
63 73
76 97
77 13
52 38
4 26
7 7
58 29
27 53
35 29
24 9
28 75
62 97
17 5
7 5
8 1
14 2
11 46
26 50
11 60
26 34
48 46
1 41
91 61
23 70
7 43
96 45
18 78
53 48
8 69
46 99
89 55
22 62
9 34
7 6
45 40
7 2
73 43
90 97
45 3
41 64
11 20
34 45
94 16
19 42
38 26
81 40
60 5
5 34
45 99
7 97
16 57
30 19
60 80
60 99
46 5
82 50
27 48
72 7
90 12
99 97
45 6
55 90
46 75
35 15
69 41
97 85
58 17
86 79
77 90
59 98
74 49
95 3
38 50
73 93
71 94
9 21
84 15
43 39
53 89
1 45
57 93
58 59
86 66
46 52
11 8
80 63
46 43
21 24
22 15
50 70
89 6
90 99
44 21
36 41
56 27
22 23
70 40
58 14
94 45
11 43
66 37
94 9
34 59
38 91
51 99
66 64
61 92
96 12
81 24
26 85
59 40
71 33
73 7
20 8
60 58
16 81
3 19
63 67
62 73
81 14
87 24
98 51
83 12
98 43
67 24
82 33
15 25
95 74
79 23
28 15
16 76
69 38
86 2
67 18
13 23
28 51
32 52
92 30
14 16
85 15
75 50
40 54
39 18
76 93
2 13
98 40
55 79
3 41
97 43
43 53
84 90
38 19
28 17
90 48
34 46
77 73
64 86
61 22
21 1
99 50
76 36
64 51
64 18
22 38
81 1
68 14
29 31
89 88
73 13
21 61
5 44
16 56
54 53
55 96
100 85
77 48
11 89
37 99
41 99
41 77
91 79
33 21
40 47
4 37
76 22
21 17
80 53
67 40
96 85
75 10
92 65
62 98
88 13
30 28
15 68
95 42
96 5
63 70
43 22
77 98
95 33
30 74
6 57
98 81
53 78
34 27
3 75
94 48
38 55
77 37
54 12
7 95
64 5
68 55
5 81
32 58
98 91
66 88
69 63
14 69
13 7
88 2
12 13
15 90
5 67
28 55
82 1
35 89
48 1
42 43
64 1
44 70
40 25
40 61
21 92
84 4
38 45
10 20
39 49
32 89
10 30
65 64
44 61
23 69
91 30
54 37
79 83
22 31
9 54
52 70
63 40
94 15
87 81
99 55
38 48
53 95
25 84
19 11
93 57
83 81
95 17
24 80
47 29
69 9
15 23
12 72
47 37
14 56
12 49
59 96
37 16
95 64
82 6
65 88
96 15
4 55
44 59
95 44
9 56
67 69
100 26
48 90
56 19
73 38
83 56
50 24
25 51
56 95
72 79
2 9
52 100
93 39
9 5
36 36
79 1
40 42
9 32
1 95
93 51
84 65
87 79
10 8
63 88
69 7
33 48
26 65
17 2
72 5
59 51
83 5
37 81
93 55
8 86
49 84
72 46
99 46
9 37
38 41
96 28
77 94
49 88
18 81
83 91
65 35
82 41
54 95
83 92
76 76
51 73
5 60
95 11
68 58
23 5
68 35
63 90
67 21
6 90
1 88
52 25
97 91
84 5
9 27
69 50
80 64
90 54
43 70
86 89
70 15
6 73
90 51
13 61
31 31
25 96
81 28
99 14
47 23
97 93
68 53
18 89
31 29
41 57
10 34
67 32
16 75
18 55
97 48
95 40
35 4
58 84
66 19
96 58
67 65
93 40
60 13
7 34
64 88
63 77
75 46
28 22
9 78
57 20
33 97
8 97
15 87
92 51
45 45
44 76
14 88
22 56
95 2
4 6
19 50
24 84
14 27
95 54
2 50
100 10
61 71
79 63
29 30
58 86
100 65
68 67
3 56
22 1
92 67
32 56
75 51
3 18
13 79
76 20
18 49
23 57
99 71
28 96
47 86
50 1
73 46
49 61
60 17
62 30
94 84
78 78
33 58
14 96
72 100
16 52
11 19
41 85
65 72
57 59
88 7
25 41
72 21
54 84
11 55
79 90
58 10
34 24
71 50
36 71
3 17
16 49
70 92
57 42
92 22
56 34
23 30
18 60
62 26
100 68
27 2
20 53
34 99
46 68
52 81
33 18
84 19
65 14
66 89
55 54
95 52
6 21
15 52
12 40
9 18
86 25
74 62
66 65
48 25
36 2
38 33
77 32
85 2
52 71
24 28
80 44
46 90
58 62
15 94
32 84
93 78
99 95
96 84
50 73
32 40
23 50
19 30
52 27
6 59
91 17
86 4
34 83
33 88
69 28
53 44
65 47
32 33
60 64
39 44
87 39
95 61
5 39
39 1
28 57
30 41
79 45
3 97
69 70
75 23
27 87
10 27
3 99
84 24
18 51
71 92
21 77
89 14
63 84
76 14
71 31
82 2
93 3
51 80
27 76
41 96
31 39
30 87
78 72
38 9
5 33
36 48
53 47
59 27
1 30
73 69
96 92
13 76
22 24
86 6
60 56
21 76
26 7
66 75
4 83
3 33
40 100
49 20
84 11
79 35
98 80
88 49
62 12
66 60
19 8
79 41
51 59
18 16
68 99
58 49
9 69
7 17
53 91
60 63
87 15
15 26
1 22
14 20
42 84
76 30
33 26
95 39
40 80
78 42
29 77
64 37
36 12
88 82
100 30
19 48
96 93
2 21
100 15
63 82
62 63
67 76
94 95
49 90
27 23
98 58
88 12
56 22
79 28
60 77
48 32
87 93
6 82
78 75
54 64
97 78
77 36
46 85
77 12
35 23
19 29
61 43
32 81
58 77
32 72
34 18
90 50
19 92
61 76
63 42
12 53
52 56
48 73
53 7
45 78
20 71
72 69
18 3
19 7
78 62
52 26
20 26
46 66
76 63
78 41
2 2
94 39
100 73
74 19
6 42
98 24
43 69
6 11
8 41
13 31
73 44
81 38
85 35
48 50
77 5
31 19
89 19
58 42
93 13
1 20
87 71
29 70
28 60
25 78
5 22
19 38
28 45
62 80
45 17
24 34
56 76
92 75
45 89
41 61
27 66
75 54
75 84
15 36
50 3
92 55
54 50
59 59
77 63
85 19
51 51
57 66
38 69
18 95
47 65
5 28
71 62
38 98
14 87
24 57
98 53
84 29
48 70
73 11
41 11
32 2
80 85
81 84
22 2
40 19
11 18
97 88
23 43
41 97
22 95
69 94
82 89
28 20
35 17
31 74
59 6
22 5
28 47
62 89
69 48
98 31
71 23
19 19
1 4
10 56
42 91
44 44
97 20
96 36
15 63
44 34
11 52
7 91
71 66
100 59
5 82
18 86
40 68
24 86
13 11
27 34
2 81
75 69
67 23
24 62
44 90
72 43
80 37
57 23
97 87
57 25
86 80
93 70
36 74
68 75
30 84
2 97
7 25
61 49
92 20
91 40
80 84
24 12
28 81
15 49
91 63
84 10
80 1
37 21
65 45
45 75
81 5
27 98
52 49
1 48
9 73
58 44
85 68
45 95
2 51
61 45
55 99
14 7
47 4
11 6
37 20
69 43
47 85
77 87
85 52
42 51
98 18
75 85
77 49
6 62
55 97
29 4
82 49
42 78
57 5
87 22
92 93
57 10
24 37
13 93
71 8
64 9
8 98
38 22
48 21
13 84
85 43
32 25
87 40
34 50
89 49
15 1
69 44
35 59
66 6
56 1
37 90
35 27
73 86
100 62
88 40
30 10
48 39
61 47
100 21
65 24
96 57
97 95
26 51
40 60
11 45
1 84
41 98
49 69
89 28
16 50
6 29
32 1
57 9
27 71
49 47
81 74
93 12
81 77
91 38
78 76
82 34
14 89
53 64
11 26
20 89
57 88
93 15
71 63
65 1
19 90
15 77
5 75
47 38
68 91
39 89
95 35
58 97
30 53
3 54
70 70
76 69
26 73
14 22
21 52
63 83
23 97
76 4
28 12
54 46
20 54
33 50
86 1
91 10
75 63
5 35
55 49
74 87
22 84
83 19
48 98
89 16
92 4
81 98
37 73
76 2
85 100
59 61
58 43
37 15
71 9
61 54
20 19
4 96
13 27
44 19
93 37
35 48
75 91
8 44
21 33
72 24
37 61
77 58
36 88
4 3
48 84
37 47
57 99
77 14
44 58
52 51
22 67
18 36
13 44
2 84
62 86
39 45
46 23
81 81
72 4
50 59
90 67
6 26
83 9
19 85
30 52
6 39
99 37
43 48
46 4
67 10
8 12
56 5
97 62
82 74
17 74
9 36
65 75
51 64
26 49
85 96
54 90
10 7
32 66
60 49
100 57
61 14
29 47
73 89
77 24
79 93
93 31
56 62
18 8
65 9
74 44
13 90
37 91
90 33
33 5
73 64
8 99
44 78
64 69
36 80
64 43
30 81
78 16
41 25
27 11
44 98
51 9
59 13
17 64
88 53
51 22
10 95
32 31
7 98
96 41
6 85
65 78
16 73
76 48
68 45
17 87
10 58
70 43
16 40
10 1
51 18
88 46
10 12
67 43
45 74
61 58
65 94
16 7
89 62
46 20
37 2
16 78
82 28
98 25
8 71
59 23
15 56
7 21
21 49
17 9
58 89
3 67
61 25
17 93
9 52
87 43
77 1
66 40
65 82
100 89
39 12
39 2
7 27
69 60
83 61
15 81
93 49
95 37
67 44
1 31
51 23
84 72
32 17
71 99
99 4
61 17
20 10
16 10
36 46
56 63
61 74
10 76
81 86
59 85
84 28
71 82
18 96
43 55
3 26
43 66
28 21
49 73
25 52
66 48
95 78
100 18
72 34
36 7
86 72
77 82
21 60
26 43
43 63
25 18
35 41
6 27
36 68
62 92
98 3
31 94
91 78
44 45
25 31
31 20
5 14
12 94
47 50
50 69
85 71
4 75
18 27
7 60
62 100
60 91
82 51
9 1
81 35
18 62
76 77
89 5
26 71
17 76
10 82
66 38
83 29
5 37
77 6
11 49
51 89
3 22
56 10
75 15
66 52
39 91
16 44
86 59
23 61
2 24
11 22
2 10
96 69
36 92
61 48
96 8
56 20
2 82
52 97
13 100
80 82
59 2
60 19
51 63
90 35
81 68
75 60
73 72
51 2
48 41
77 93
68 27
87 30
97 31
44 56
52 46
7 79
62 96
41 50
78 5
2 80
45 71
66 16
61 2
27 73
73 42
80 90
12 14
35 97
11 97
73 75
50 87
14 71
32 36
96 97
86 71
88 20
17 44
21 51
17 46
28 74
46 45
73 34
53 21
46 92
22 97
32 26
76 79
26 33
27 89
88 77
29 21
80 87
80 46
22 9
99 20
49 33
14 46
94 40
99 59
37 92
62 70
51 62
83 88
99 28
9 84
54 63
34 22
90 64
100 12
62 35
58 65
88 78
35 14
34 13
53 31
43 35
48 16
58 3
52 74
82 86
6 56
3 81
19 16
13 21
82 64
16 48
71 67
40 16
14 9
30 65
18 88
12 57
97 33
100 98
75 2
96 98
95 7
89 17
37 86
57 51
89 60
21 34
61 9
71 73
96 73
23 62
42 98
14 75
96 22
17 95
13 74
33 93
38 5
58 60
80 7
31 81
13 35
95 59
3 83
40 75
97 86
84 3
61 19
33 30
94 96
79 15
92 69
48 9
89 42
83 8
7 100
68 50
79 96
71 47
84 37
56 84
78 37
60 97
39 77
84 63
96 16
81 92
28 4
33 82
20 100
5 13
64 30
36 47
57 39
20 13
12 89
50 100
54 92
28 87
43 80
38 67
44 16
90 78
26 62
29 59
7 14
15 37
70 3
64 99
53 96
36 55
55 20
34 98
96 64
96 23
22 93
39 17
67 99
40 21
92 56
42 62
13 54
15 71
9 96
87 2
69 4
34 40
53 19
20 79
42 93
42 45
21 47
49 79
39 25
28 100
24 97
90 79
80 32
33 72
3 3
18 42
56 96
81 29
80 78
50 32
19 45
32 77
44 64
90 77
78 81
99 56
39 79
3 9
98 71
92 96
29 46
23 72
43 96
13 26
43 42
67 90
4 14
29 28
28 3
6 69
40 86
16 46
9 38
26 31
8 53
63 14
13 29
88 44
80 16
11 81
93 92
37 42
83 98
83 66
46 49
14 60
12 85
80 14
6 16
27 33
48 59
58 69
65 33
58 27
48 74
74 59
99 63
38 87
74 3
4 24
71 12
50 36
24 30
61 96
61 59
7 48
27 94
74 90
75 29
59 3
68 86
21 54
62 91
43 11
6 30
50 17
69 68
8 60
8 93
18 68
72 87
8 40
62 8
12 73
54 57
21 82
63 51
53 35
95 29
62 88
36 50
23 25
59 68
53 86
45 35
65 92
2 85
97 45
74 17
17 47
45 88
40 50
71 48
90 86
63 69
40 23
46 44
3 48
89 89
40 97
71 97
57 49
93 54
44 73
33 90
31 51
10 89
72 83
14 62
99 53
66 70
97 28
17 97
1 87
85 86
48 35
75 82
43 82
28 34
14 37
67 14
86 61
38 89
51 24
38 86
32 78
53 88
46 56
11 24
43 28
42 40
94 89
50 94
25 22
85 37
59 73
79 86
59 57
30 62
96 62
25 93
100 35
27 46
52 64
20 92
40 99
82 44
18 64
48 80
89 87
98 65
26 30
72 11
3 10
85 10
10 26
76 90
17 31
45 60
99 34
26 42
46 27
100 32
57 17
78 51
18 17
24 17
38 14
39 20
68 23
24 96
65 39
99 66
58 48
68 64
36 53
97 68
8 52
95 66
12 11
95 100
18 79
92 27
14 76
8 94
51 65
62 2
66 36
63 100
36 8
41 14
74 96
3 20
34 9
53 14
80 11
87 52
53 71
13 15
52 93
42 28
97 6
16 90
33 68
35 95
6 67
70 37
4 85
26 37
2 33
80 58
28 35
32 87
38 80
77 16
19 55
64 84
63 12
76 17
51 14
68 42
82 72
18 28
15 73
44 35
97 44
79 100
50 85
11 66
84 81
44 22
23 32
10 80
36 19
70 65
38 54
15 89
59 26
78 22
79 56
75 6
69 100
87 95
8 15
92 1
15 48
93 83
43 45
99 85
67 80
52 35
94 90
8 57
54 25
79 71
39 59
61 89
53 65
84 97
27 17
36 16
16 28
10 93
9 12
78 4
38 61
25 65
89 11
97 18
70 63
82 16
62 32
24 89
68 31
74 55
26 41
94 69
91 14
58 33
55 89
92 17
33 28
52 98
79 81
13 95
75 71
4 20
15 57
15 45
22 86
55 41
20 35
4 25
57 40
67 35
61 87
22 16
90 76
99 30
82 88
5 27
15 9
11 54
24 50
71 34
49 10
74 15
38 37
90 58
66 81
62 78
72 75
38 34
60 7
27 83
44 11
62 44
16 17
59 44
95 1
30 93
15 12
77 83
92 80
6 35
85 79
22 44
33 54
27 22
32 12
51 84
53 33
26 35
25 35
89 92
38 35
32 42
95 70
31 96
27 47
65 11
86 98
20 64
35 78
34 17
94 86
6 33
32 16
42 25
18 15
7 62
36 69
85 50
40 62
15 74
71 55
50 29
5 79
39 14
6 3
44 20
51 56
21 23
58 75
93 97
51 50
71 84
86 52
90 39
69 80
67 37
57 55
72 86
99 65
53 32
30 23
52 75
74 45
8 27
18 19
66 23
81 16
42 64
2 42
11 30
78 45
56 89
5 94
35 88
77 3
34 95
69 83
32 23
71 56
51 35
29 55
22 96
55 9
17 85
6 46
77 80
22 36
38 66
39 11
75 4
56 100
53 73
100 94
98 20
45 30
84 33
10 97
28 28
73 14
28 2
12 48
33 35
67 59
51 1
86 5
86 37
64 66
4 41
68 63
87 19
53 10
48 85
54 60
84 71
38 84
60 53
55 28
43 91
14 18
47 58
46 42
66 33
35 18
94 44
94 94
44 30
89 47
60 51
43 51
41 63
91 100
10 18
59 50
18 39
6 54
11 88
16 15
10 4
8 20
17 63
35 55
68 72
62 51
32 27
83 77
100 63
55 91
36 23
31 83
64 14
71 22
3 24
40 38
55 67
49 46
41 68
66 46
80 39
51 5
13 75
30 88
93 64
76 39
90 95
55 19
56 3
9 92
85 67
83 2
83 37
40 77
31 1
84 61
45 63
27 3
31 100
34 51
90 46
6 52
67 20
95 92
83 44
55 53
60 15
55 42
68 54
46 86
38 81
23 56
29 76
40 72
92 8
23 16
54 67
90 14
93 47
68 68
76 60
42 92
10 84
73 60
33 100
59 28
93 28
84 47
15 2
68 80
26 82
45 22
49 66
57 29
20 58
38 31
60 67
94 37
96 50
5 19
51 40
45 90
43 41
82 25
98 15
78 23
55 25
65 19
32 20
30 78
74 51
98 83
89 77
19 6
63 32
27 16
78 80
16 64
82 30
55 10
58 55
30 58
37 59
87 73
82 48
55 59
23 11
73 78
67 51
23 80
66 87
33 99
77 28
86 70
5 3
43 68
82 15
79 42
3 27
90 98
92 46
33 85
93 10
92 79
24 91
29 93
41 49
99 79
2 93
13 41
24 25
100 66
50 50
16 55
28 8
81 45
95 4
19 80
68 46
41 93
43 72
54 74
16 2
92 100
64 70
43 74
52 9
25 83
46 98
61 80
43 3
24 65
66 98
62 39
12 80
72 93
79 98
66 44
80 69
88 81
65 90
59 39
66 49
89 82
97 65
92 11
48 5
69 23
41 16
87 7
89 68
81 75
55 13
62 71
20 74
1 57
94 93
93 95
37 18
38 57
59 34
17 75
6 31
42 32
67 87
1 55
92 60
9 80
69 64
93 41
12 4
87 46
95 49
54 75
7 18
47 56
42 10
84 13
70 78
33 98
42 80
53 54
4 88
95 94
64 61
7 23
93 76
69 90
7 32
63 27
6 60
68 20
88 97
11 85
29 56
18 47
7 15
100 58
69 58
8 68
15 18
33 16
33 77
92 37
31 84
82 92
45 97
67 16
46 11
90 16
26 26
21 48
77 19
35 56
61 27
40 92
50 75
94 34
71 29
82 68
41 6
89 85
73 97
45 55
44 83
12 35
20 29
7 46
68 69
49 28
38 83
7 47
66 4
9 15
97 84
17 19
13 48
100 31
7 85
17 35
92 28
25 55
41 12
60 69
44 74
61 78
15 59
59 42
54 96
21 31
17 41
88 23
26 40
60 84
60 48
74 35
80 9
33 65
40 87
25 32
9 61
80 48
34 54
96 53
22 51
71 30
61 75
68 87
2 19
45 54
47 1
49 86
65 18
54 51
59 65
47 14
38 78
84 39
54 27
35 96
5 2
47 7
5 95
20 20
94 62
33 81
57 43
98 11
86 95
48 33
20 34
47 94
3 21
26 96
82 7
64 57
77 8
36 28
15 85
58 64
41 54
21 55
53 67
39 62
6 72
72 30
8 82
26 52
93 100
99 48
24 74
74 11
22 35
70 96
6 74
59 1
14 45
61 65
41 22
11 50
88 75
58 45
70 98
25 60
86 34
5 84
74 46
3 49
61 94
83 40
3 14
33 13
84 49
94 92
59 4
71 80
79 26
82 62
31 17
74 16
37 72
21 86
69 66
19 89
22 98
74 94
9 94
6 81
79 99
44 40
76 85
21 39
13 39
53 49
34 96
96 77
45 32
24 16
58 78
39 41
40 44
14 59
95 81
70 61
80 50
66 29
66 78
48 49
52 2
2 27
74 57
16 99
7 84
79 49
24 15
33 66
17 54
11 67
47 61
90 42
9 49
60 65
51 77
59 25
33 62
97 19
52 36
45 7
77 26
48 42
34 65
94 13
30 16
73 37
88 63
100 51
41 53
78 86
86 92
48 24
10 37
83 48
25 11
54 32
4 99
12 77
92 86
74 98
20 17
3 82
49 95
35 39
38 18
48 91
98 75
49 48
29 7
57 73
97 58
52 99
33 34
22 94
75 16
99 22
65 7
16 92
29 13
27 88
29 78
68 47
64 40
67 91
72 95
55 95
50 23
39 69
87 84
10 81
55 62
65 53
64 62
62 24
17 4
43 52
80 49
57 27
91 6
54 47
92 98
1 49
90 17
2 70
21 85
16 22
89 33
20 42
29 86
27 74
3 15
32 80
82 32
81 26
5 10
68 4
31 46
24 10
39 65
77 70
21 5
81 90
97 79
18 4
99 1
52 61
28 41
6 86
97 17
50 74
23 77
19 83
79 48
44 37
45 28
31 56
66 14
9 28
40 35
42 16
40 93
95 46
44 12
87 21
89 13
29 49
75 76
1 71
50 4
94 52
11 99
28 24
95 73
42 50
49 57
62 57
10 100
48 26
98 41
35 53
56 9
50 79
47 62
44 10
51 31
49 17
12 60
23 52
3 70
2 71
92 23
41 82
58 72
57 90
32 54
84 45
72 67
73 19
36 89
97 7
37 75
38 94
90 81
72 70
80 91
30 12
59 82
9 46
80 21
4 7
22 58
26 68
23 27
9 100
48 60
21 36
71 51
24 54
80 96
67 73
18 56
45 10
31 58
3 28
88 29
1 85
37 11
12 86
83 46
24 45
93 65
63 53
73 63
64 90
94 54
4 97
99 68
41 66
50 89
5 21
45 91
13 8
26 94
17 77
61 8
23 19
59 95
90 83
78 65
62 69
50 90
78 52
10 24
74 97
16 100
39 66
81 11
12 81
51 12
99 33
67 8
55 14
14 34
43 9
78 17
57 15
91 52
94 100
64 73
88 28
34 16
33 53
95 27
23 75
42 14
9 85
94 10
8 89
10 65
3 59
41 28
54 83
38 27
19 25
13 60
24 41
72 51
44 43
18 58
60 57
15 86
72 2
38 38
95 45
27 4
43 77
38 77
89 74
2 11
64 67
25 20
67 47
52 63
11 33
12 38
50 88
85 34
93 26
81 50
4 56
26 27
39 86
76 18
9 41
93 27
45 67
18 23
69 98
9 81
60 28
56 7
57 22
46 73
32 28
97 74
77 64
67 54
23 38
74 83
18 7
37 43
30 11
7 45
15 22
83 71
4 81
16 54
40 98
62 18
100 95
39 54
41 9
72 18
48 78
71 37
76 19
88 99
19 39
19 78
29 57
31 59
49 35
42 58
78 10
21 95
33 80
61 56
19 81
70 18
31 86
96 35
94 88
100 74
98 63
12 92
20 98
69 21
19 53
78 36
20 36
4 89
75 11
4 27
35 46
67 62
42 46
37 80
25 36
16 62
30 96
76 80
32 99
84 85
39 30
42 100
54 33
36 17
77 44
8 74
19 20
3 7
8 67
81 4
88 79
74 42
14 79
18 53
34 62
15 98
3 78
28 10
63 64
1 21
9 16
73 45
57 98
55 80
87 37
14 72
70 94
52 57
7 87
90 23
40 9
41 58
90 37
18 57
90 61
2 69
76 11
90 73
87 25
84 1
47 97
75 12
90 36
15 21
39 73
85 90
15 62
24 44
91 49
15 66
68 96
57 46
91 8
65 57
89 81
26 60
82 73
52 14
58 99
44 97
59 49
12 69
3 47
43 60
12 59
87 35
38 46
53 43
3 63
56 57
84 17
83 60
28 80
42 41
56 33
4 57
13 19
59 77
65 13
21 84
98 9
9 31
3 80
27 37
17 82
27 1
13 68
42 31
41 18
13 92
74 38
71 86
37 44
96 67
8 95
68 36
88 50
8 25
45 94
1 99
76 43
95 95
34 49
67 88
23 41
98 34
72 25
10 13
58 63
97 94
5 7
21 27
52 83
97 3
67 60
71 2
79 92
20 1
75 7
56 23
85 42
65 49
55 48
82 81
69 5
80 79
27 90
59 21
48 45
98 92
34 11
31 24
62 60
28 88
25 97
35 28
63 75
78 40
66 63
87 20
89 51
49 97
81 61
99 32
81 76
32 49
84 38
84 41
41 44
53 77
29 27
78 49
25 88
69 47
68 82
51 30
85 54
7 58
96 80
41 34
28 26
36 15
49 76
9 95
28 86
62 5
80 25
45 24
42 21
35 5
16 87
37 67
89 63
29 71
50 31
13 24
45 43
87 90
70 22
71 77
74 76
24 26
20 21
44 77
89 93
18 44
57 67
73 3
43 46
8 62
89 23
60 8
30 80
84 84
58 16
31 15
1 59
27 18
65 31
7 78
47 25
62 87
95 68
20 30
17 25
34 91
61 1
52 40
96 46
18 10
81 23
30 47
53 80
30 67
24 72
21 11
5 73
2 26
71 78
66 85
19 52
89 24
52 34
65 98
88 87
55 4
96 81
76 64
63 17
66 17
35 20
98 14
87 56
36 30
78 7
90 26
67 93
7 24
31 68
53 28
66 91
20 43
6 64
60 41
44 18
6 10
89 90
81 88
2 4
94 49
68 38
18 46
12 67
30 83
4 62
19 82
80 26
46 78
60 1
69 85
8 66
30 90
81 41
57 41
8 16
60 29
52 7
40 28
68 25
58 5
25 72
46 19
99 35
65 76
15 44
93 74
87 12
33 24
64 42
91 54
100 16
67 27
94 65
33 79
57 11
15 14
83 58
87 64
81 58
50 37
91 9
24 29
37 96
70 85
42 55
79 80
11 93
100 53
92 29
10 46
22 88
69 39
79 84
33 37
66 30
12 70
13 88
46 8
40 53
2 43
30 43
87 94
46 54
86 27
81 2
41 71
6 78
81 30
81 57
8 30
49 71
10 45
72 8
41 60
74 29
75 39
2 18
95 82
100 41
23 83
97 1
69 81
15 91
29 89
9 8
98 44
25 99
4 42
21 29
57 24
32 46
26 53
51 48
35 61
36 13
15 55
82 36
68 62
37 13
17 70
40 22
3 30
58 58
7 75
10 71
87 82
72 23
2 56
90 57
59 46
96 68
87 58
61 37
46 3
52 88
43 13
48 93
58 68
45 85
83 59
24 43
29 98
15 51
7 59
62 40
37 33
22 65
8 58
80 83
69 88
91 47
5 4
56 47
50 55
30 56
33 78
19 13
20 83
75 17
2 14
32 51
3 53
82 53
46 31
12 93
51 74
6 6
93 66
36 35
52 37
64 49
86 58
58 36
62 49
44 1
15 72
84 26
9 88
61 53
27 64
19 47
24 60
12 37
6 53
2 8
99 8
94 24
47 66
38 43
97 70
30 50
46 81
54 87
90 90
62 19
21 89
66 21
77 35
21 35
45 80
21 97
63 15
70 93
73 48
67 61
15 3
99 16
44 95
1 2
12 42
78 31
98 85
1 50
15 46
60 61
100 23
30 63
97 12
39 52
20 31
8 46
99 89
19 77
76 83
67 68
23 99
19 18
64 36
69 31
91 41
70 12
88 15
65 96
57 44
40 24
11 3
82 12
57 69
6 40
12 24
62 4
16 26
72 74
25 10
42 77
67 66
6 15
2 1
73 25
98 89
91 59
60 6
80 61
36 82
44 31
34 43
28 97
81 65
73 73
24 13
92 66
58 95
96 34
61 4
26 5
38 11
77 100
60 37
91 26
20 28
5 96
85 58
58 39
88 85
77 89
42 60
20 52
9 71
93 79
91 58
58 51
16 25
18 33
55 43
49 67
6 2
33 92
20 9
41 5
59 75
79 97
84 60
94 6
33 38
12 63
45 64
45 93
31 44
40 10
49 55
99 82
10 79
44 85
96 14
37 41
80 52
46 91
99 3
5 59
86 47
23 33
21 42
46 82
59 18
40 88
84 57
70 2
34 64
34 36
69 22
91 87
31 18
59 78
39 81
2 73
33 59
73 51
37 79
21 13
40 73
15 79
58 82
66 53
54 49
27 68
37 3
83 95
94 68
16 39
50 65
91 84
29 90
74 50
42 56
2 72
3 36
38 63
20 66
37 78
84 35
30 82
58 70
32 67
5 47
81 32
37 49
94 32
74 26
65 12
22 72
52 78
42 1
90 24
93 85
100 70
88 74
14 43
27 41
91 27
26 86
54 2
60 30
56 55
35 43
90 55
2 32
9 35
97 72
34 35
75 25
93 98
95 71
50 2
95 50
32 79
94 74
35 12
3 16
17 38
58 40
55 3
32 83
32 71
36 39
54 4
39 68
92 91
98 77
13 10
28 50
5 56
69 10
30 40
41 43
96 59
53 15
100 75
73 18
85 32
71 88
14 77
74 54
33 22
77 59
54 88
92 89
91 15
75 38
62 41
4 50
14 50
85 89
82 18
61 97
4 84
64 7
30 9
96 44
36 10
53 6
40 57
46 57
56 16
72 60
72 59
55 17
90 74
1 3
42 22
96 13
52 50
72 22
1 34
60 22
49 49
53 90
48 36
90 34
28 25
89 72
76 29
82 9
23 49
17 60
80 10
53 51
94 76
11 62
85 94
4 31
98 54
62 25
1 60
14 21
84 66
25 28
30 71
10 50
31 49
66 79
38 8
39 90
31 90
35 62
65 22
4 4
62 95
58 37
57 100
50 84
34 30
7 31
9 7
50 16
5 31
39 28
57 60
19 76
97 56
8 87
27 59
60 66
95 13
98 23
65 56
44 67
9 20
94 79
40 95
54 55
3 34
41 65
13 45
5 86
2 25
60 79
40 43
72 53
40 45
54 85
68 89
68 52
64 55
47 79
21 30
99 26
74 13
1 42
58 8
73 57
70 77
23 58
65 41
62 72
90 38
52 42
44 60
36 11
53 100
53 2
41 87
9 99
56 81
95 83
22 60
73 83
35 13
17 72
1 35
23 28
34 23
13 58
47 47
61 20
54 18
5 57
29 54
4 10
66 51
27 84
92 18
92 21
100 92
6 94
9 89
25 76
43 81
54 36
63 80
65 85
49 50
93 29
10 62
79 21
18 87
83 86
97 26
18 100
5 53
52 45
35 77
16 67
8 54
89 65
42 95
57 84
13 66
88 24
80 54
77 9
5 78
48 3
32 4
15 38
42 9
35 51
26 57
18 85
26 36
30 30
64 94
26 78
75 81
23 26
1 16
82 27
39 4
43 79
67 36
87 59
94 53
81 18
84 30
73 22
43 85
65 8
100 77
45 84
13 13
67 34
91 45
42 52
77 30
16 86
55 86
74 77
37 6
7 76
91 51
10 67
100 52
31 79
100 2
28 23
65 97
38 59
99 21
37 66
12 1
1 82
65 48
21 19
19 91
49 93
92 94
11 64
89 80
95 19
88 91
20 37
14 44
24 67
91 74
70 74
90 28
74 2
70 44
67 98
63 63
41 88
36 21
6 65
79 33
56 90
56 61
67 5
34 82
36 45
19 94
61 64
92 63
96 72
5 99
2 90
31 41
83 54
59 36
56 24
27 10
78 12
29 33
32 94
1 44
52 94
29 25
85 75
53 17
72 47
8 43
73 28
86 41
18 59
50 11
35 73
60 73
73 52
76 28
2 99
38 97
66 55
28 42
31 50
54 99
4 53
66 100
63 25
12 33
81 48
18 72
61 41
16 47
56 87
35 42
75 30
82 67
72 44
49 29
73 66
21 26
91 60
48 40
48 14
71 93
51 45
86 81
72 58
79 12
99 49
18 11
32 30
68 81
71 95
63 19
89 36
45 77
77 62
89 98
30 70
64 95
25 80
7 57
34 86
86 14
99 83
60 40
86 22
1 39
35 80
39 23
29 34
41 42
6 51
60 92
91 69
92 13
37 69
56 54
44 51
84 18
70 21
10 92
38 42
47 41
78 13
76 15
37 88
13 67
11 29
7 40
2 23
90 65
28 98
81 6
82 11
34 20
70 90
31 43
41 73
64 50
88 6
77 20
91 13
46 14
1 1
73 84
22 6
72 57
92 90
52 84
36 44
57 97
54 30
86 12
78 97
25 53
11 35
78 73
35 49
75 44
21 62
41 30
55 63
17 62
78 30
44 7
67 25
28 61
84 42
38 30
6 1
81 80
28 19
18 93
92 7
72 68
19 57
86 86
4 87
34 74
70 13
47 74
54 56
6 48
47 27
69 19
67 74
36 90
80 43
62 21
86 39
97 98
4 45
43 67
25 30
65 95
100 27
60 90
96 71
28 68
64 10
30 59
5 29
77 4
64 71
88 92
81 72
2 52
42 15
61 29
58 34
53 58
46 38
100 90
16 20
46 7
38 60
94 21
19 68
66 95
9 83
98 60
100 93
81 36
75 34
41 2
36 63
19 70
46 64
70 56
93 9
77 39
43 16
98 28
41 17
30 79
91 50
38 53
9 4
9 79
63 96
65 59
83 45
22 30
67 38
45 42
11 63
93 21
89 59
3 77
35 79
45 36
26 98
13 6
48 11
92 9
73 31
24 32
77 75
49 96
30 68
75 77
7 81
66 15
23 90
84 12
33 3
56 41
20 32
59 99
16 27
66 31
88 31
99 25
65 58
83 53
88 5
28 49
16 69
44 42
14 48
80 27
23 92
5 51
29 87
85 76
95 9
69 15
1 14
10 5
55 55
37 56
98 56
61 82
49 91
5 46
6 100
50 64
37 17
90 11
27 57
26 74
11 65
26 59
79 37
5 97
54 68
6 49
31 30
54 29
94 14
91 91
95 60
39 96
58 94
69 84
59 37
100 100
61 90
96 74
35 3
41 89
92 31
53 26
58 4
63 28
43 47
81 17
50 92
89 7
81 15
34 38
25 98
68 77
45 51
47 13
16 31
82 52
81 39
63 62
34 31
99 92
12 3
53 29
28 59
86 100
44 66
87 5
5 83
44 5
62 36
76 7
71 17
56 13
74 1
75 95
12 46
53 5
77 29
67 3
17 96
61 79
55 27
24 40
7 41
83 79
13 25
52 30
84 2
74 93
27 79
43 43
16 29
98 46
91 89
17 37
36 65
74 81
17 18
8 96
88 33
94 47
69 42
96 39
33 95
81 70
50 47
33 33
8 45
44 41
17 81
69 61
79 31
50 9
11 98
72 13
8 78
65 62
69 82
10 10
12 98
28 71
42 76
30 39
100 7
10 78
8 4
68 24
23 24
41 81
96 95
3 38
93 75
82 47
4 33
2 62
36 84
87 4
78 28
43 10
43 99
76 13
33 43
26 14
49 77
17 42
50 27
60 33
85 27
39 95
77 21
56 18
34 90
49 25
30 25
1 76
78 63
76 56
36 40
79 67
97 46
89 27
4 59
3 89
32 34
58 15
69 93
43 56
2 49
37 68
34 39
56 71
3 58
49 11
69 32
32 55
39 35
26 17
57 33
96 10
81 19
53 34
70 67
83 1
45 49
82 60
35 100
41 24
89 75
14 74
87 67
26 44
58 28
49 59
98 7
83 11
30 5
96 56
32 6
70 58
28 14
66 24
44 82
22 34
19 26
90 68
34 80
51 13
70 20
33 10
27 31
1 81
25 70
87 14
68 90
58 11
22 22
91 93
22 25
40 94
36 22
49 22
50 67
42 74
83 7
26 76
89 46
6 34
14 52
16 70
40 27
13 98
90 96
81 96
4 47
39 37
22 3
63 16
68 85
65 27
80 20
70 51
55 6
68 26
89 20
47 67
18 67
13 51
46 24
13 4
37 25
36 14
32 14
28 95
96 19
52 76
83 3
45 46
21 94
31 37
60 72
90 15
88 14
29 52
26 92
58 50
10 68
2 60
17 69
53 37
15 28
74 34
84 100
25 43
74 25
13 46
90 25
8 72
17 15
71 27
24 92
43 29
74 48
58 32
20 23
5 89
73 54
88 80
39 80
15 75
65 6
14 85
81 44
27 12
84 93
61 93
56 48
49 56
47 18
29 62
36 18
59 92
44 38
44 2
49 13
16 84
43 5
56 88
78 29
1 69
31 57
33 67
39 29
10 42
79 53
69 36
20 95
31 80
92 12
2 76
25 8
10 99
18 43
66 35
38 52
57 4
54 81
86 62
49 85
63 38
96 20
34 58
32 9
67 42
53 83
82 54
44 52
46 1
96 29
61 32
78 21
35 87
29 88
100 44
5 69
99 38
8 11
68 37
26 93
95 53
28 5
39 60
85 51
68 39
78 46
27 6
39 63
75 43
20 12
18 69
55 78
2 87
1 28
94 42
23 63
2 98
77 66
38 65
19 71
87 1
54 9
73 80
3 50
11 94
57 63
73 70
13 83
72 94
93 60
32 24
88 68
57 74
92 35
29 72
24 33
5 20
48 89
95 21
54 14
26 66
97 66
22 87
44 36
4 30
13 38
14 10
26 6
29 91
37 35
17 8
88 98
6 71
48 37
53 98
12 9
59 19
50 72
21 50
50 46
80 35
14 80
96 90
59 83
92 54
78 82
86 83
56 35
92 53
47 77
42 44
77 69
42 4
12 15
53 41
6 44
31 73
44 39
99 57
17 84
74 60
9 91
55 2
36 20
17 24
62 34
64 29
12 5
76 95
47 81
72 42
52 68
99 24
74 5
91 77
45 86
3 64
26 97
6 93
42 59
46 17
67 31
91 94
81 22
54 62
92 19
5 72
78 87
69 67
25 91
11 42
35 82
1 7
22 37
66 20
78 79
57 12
37 54
47 3
57 83
1 6
50 8
87 55
88 84
11 75
74 10
74 40
25 19
61 16
25 13
27 91
74 43
80 75
2 74
64 34
49 18
7 3
69 1
16 18
56 74
84 82
82 24
91 62
75 73
68 70
63 33
49 19
56 99
69 74
45 56
46 53
27 65
77 91
20 40
47 95
47 16
92 25
63 93
29 10
32 85
11 90
84 9
98 22
86 38
93 71
91 36
99 27
95 14
24 39
88 59
60 14
21 4
23 6
83 65
55 74
40 33
60 35
59 53
7 54
98 21
93 63
9 9
17 21
31 2
36 29
40 84
59 47
27 15
78 68
93 34
70 10
10 55
62 31
96 40
40 89
40 58
39 50
62 23
3 87
75 65
37 51
87 54
77 33
26 67
62 67
69 11
93 88
97 71
29 69
21 12
31 38
11 32
38 2
25 46
97 13
78 92
19 21
9 43
54 76
61 7
71 14
37 27
31 16
12 66
16 66
39 19
83 25
85 92
89 78
19 5
36 83
48 65
84 53
36 58
77 86
90 52
32 93
51 70
47 91
81 78
69 51
29 24
83 99
17 28
30 86
88 56
57 94
28 13
57 8
75 47
47 89
23 51
57 70
63 94
44 94
56 43
27 13
63 29
56 97
16 38
42 49
97 99
24 20
71 32
16 13
71 35
24 79
72 54
39 31
48 63
86 54
34 3
75 49
69 59
5 77
31 11
98 64
72 49
63 56
3 95
7 38
96 9
6 87
90 91
42 96
32 63
22 85
100 80
28 16
63 74
75 13
66 80
37 100
1 53
10 74
35 50
28 43
15 93
64 58
42 90
76 62
86 53
20 39
97 69
50 82
42 5
13 17
5 87
88 25
4 34
36 25
39 22
66 9
8 88
88 8
61 40
45 9
32 57
84 36
11 100
27 8
73 30
58 56
21 16
67 100
97 63
42 18
13 71
98 84
47 51
83 15
30 4
55 64
32 29
99 62
36 79
99 87
44 33
67 1
71 6
34 19
60 55
60 74
82 99
94 82
22 40
96 87
62 54
2 37
6 19
23 94
83 27
80 34
52 96
46 18
54 11
42 39
26 70
84 95
55 73
43 37
84 68
97 61
62 99
81 55
46 94
61 73
65 89
76 71
8 75
36 31
95 41
70 57
2 89
8 61
86 96
3 23
61 86
49 78
30 2
17 80
96 4
3 79
94 11
18 40
67 79
48 86
29 51
67 85
77 50
37 37
4 70
31 5
7 63
49 53
7 29
22 4
58 67
70 31
91 71
3 35
76 87
65 91
20 60
78 58
38 17
73 40
48 2
44 99
13 65
30 3
61 95
18 54
55 92
67 70
67 82
38 40
13 37
21 68
34 88
63 44
22 70
45 21
17 59
65 71
54 22
63 11
94 56
7 22
96 78
59 79
20 62
73 29
4 65
71 18
100 97
96 6
13 82
35 36
76 65
91 76
45 66
86 8
68 57
43 62
64 11
74 33
83 24
78 90
31 64
46 88
19 63
32 70
35 45
14 38
42 13
70 53
71 10
6 66
35 65
5 24
73 16
73 15
25 23
100 60
59 60
71 85
56 64
19 86
66 32
20 63
28 72
79 75
87 68
95 47
76 49
87 29
82 22
64 38
46 93
39 55
37 93
8 50
98 32
97 60
62 65
18 66
94 30
15 10
5 90
56 75
49 42
98 38
4 94
8 80
72 37
95 80
6 23
6 96
95 84
18 94
77 34
97 52
20 49
20 5
13 80
51 42
75 58
85 25
100 45
95 22
85 41
66 68
9 39
53 42
27 100
18 84
53 97
60 54
22 48
7 16
39 88
12 50
29 50
88 96
24 98
20 67
15 88
58 71
84 23
14 93
16 71
10 49
55 77
20 73
39 87
15 95
65 16
89 43
40 90
46 6
47 5
38 72
68 34
26 79
93 80
26 95
32 91
89 64
56 28
70 4
21 8
91 7
64 53
90 2
75 32
31 62
89 12
33 71
3 40
77 96
83 20
67 84
23 18
83 67
50 13
16 85
92 87
53 30
29 29
52 6
54 28
66 62
15 15
65 50
3 5
3 98
61 34
12 58
12 18
80 73
70 45
7 35
21 2
97 89
19 14
21 40
34 67
25 92
91 5
5 91
15 69
14 84
97 77
2 63
64 8
12 88
99 18
85 16
94 77
57 18
7 73
76 53
21 45
37 85
69 77
79 11
14 47
96 88
93 58
78 99
39 8
97 29
52 82
52 79
2 6
32 98
78 56
44 3
64 65
39 83
42 72
21 22
64 82
11 91
16 37
9 53
26 1
54 91
31 40
88 71
97 21
26 69
45 34
89 50
67 81
72 1
43 90
96 18
95 12
79 18
39 27
39 32
19 24
8 55
20 65
34 70
10 9
2 38
30 48
41 21
87 66
11 79
29 83
68 1
83 41
68 2
63 13
91 11
15 64
86 48
87 23
84 55
13 55
80 51
93 33
39 7
21 38
38 44
60 32
19 56
48 95
69 27
5 8
66 90
59 31
87 6
80 99
84 44
11 12
6 37
97 42
71 79
28 99
94 81
5 18
60 12
39 64
27 14
88 1
1 58
94 83
46 65
1 17
74 61
14 19
54 6
19 62
96 100
80 42
47 92
85 20
29 95
72 28
36 5
34 68
42 66
49 81
41 40
45 82
35 26
98 93
23 79
97 76
62 83
100 47
13 30
4 2
10 53
3 86
98 62
57 56
53 40
39 47
47 60
67 30
60 59
46 97
8 49
21 25
14 57
54 89
72 9
85 29
42 35
43 49
25 73
91 68
72 80
62 11
1 62
98 68
93 18
65 61
34 69
92 83
89 25
80 38
15 4
34 71
96 86
5 64
12 39
58 20
7 88
19 97
71 7
11 9
35 10
95 56
10 61
6 89
17 94
94 29
74 69
51 46
62 82
41 4
70 34
69 72
57 65
12 97
56 17
55 39
83 14
71 76
39 98
70 41
70 83
2 12
57 76
90 8
74 75
1 96
35 2
34 8
30 49
8 32
10 66
57 72
4 44
33 44
88 11
48 6
94 41
63 60
35 25
55 35
50 51
4 46
15 76
11 15
23 9
66 10
28 62
31 89
48 96
70 35
65 37
44 23
30 54
62 84
63 21
50 38
76 31
39 53
69 87
78 35
61 13
68 76
30 64
65 20
60 21
94 26
73 4
32 45
85 4
74 71
6 20
39 99
46 21
28 40
76 82
73 10
40 91
11 48
75 24
100 33
41 23
20 24
78 74
63 54
62 68
85 48
32 38
63 18
4 32
47 30
85 93
97 64
49 80
49 14
19 67
90 3
20 16
40 49
48 81
9 42
73 6
94 28
5 55
64 60
41 55
47 69
71 83
94 60
16 9
11 17
40 74
41 56
59 24
89 22
2 30
78 98
3 69
3 91
33 36
46 22
8 56
27 36
100 91
49 63
4 74
51 52
30 33
69 49
43 76
21 98
42 42
47 15
37 60
79 7
28 44
91 37
82 63
62 53
76 1
36 34
5 16
86 64
28 77
47 35
23 1
94 91
4 76
37 65
16 42
18 90
65 46
58 25
99 100
23 15
21 18
10 19
48 19
11 31
86 28
15 41
54 8
63 8
53 53
84 46
53 13
12 52
94 66
46 72
54 82
97 90
32 50
99 41
76 9
77 88
66 69
34 7
6 5
43 21
43 59
23 22
98 100
79 2
82 56
91 22
17 55
61 31
98 8
40 78
34 76
45 4
23 78
3 11
38 4
20 51
89 34
34 97
37 50
17 20
21 3
12 76
31 47
52 16
1 18
100 38
69 12
12 54
55 29
7 28
25 81
31 45
69 91
93 7
100 8
38 82
14 5
4 80
28 29
66 61
71 60
51 68
45 72
4 86
65 70
95 77
19 31
13 63
81 62
67 45
63 7
5 5
71 1
7 94
19 58
22 11
68 59
12 29
87 49
72 40
28 38
84 86
89 96
87 48
50 5
47 63
12 87
71 96
90 87
45 73
69 18
42 61
33 69
80 2
65 51
58 13
43 98
87 88
57 28
26 45
87 8
68 74
11 38
52 20
11 78
94 80
38 32
74 24
57 14
60 45
28 73
28 82
82 70
13 73
2 54
69 14
51 53
70 29
27 99
11 10
46 70
33 11
55 26
25 16
6 76
22 57
48 30
57 71
50 52
1 80
99 73
85 53
31 23
56 46
47 54
40 32
100 25
85 18
35 30
13 12
50 43
73 8
65 21
22 54
33 84
68 71
76 35
7 93
87 91
72 39
79 58
62 9
66 50
70 62
30 32
61 50
98 78
81 89
60 98
84 76
47 42
97 37
19 51
71 46
82 100
91 86
28 9
32 53
20 77
9 6
22 61
20 44
99 17
83 51
61 67
63 91
72 73
63 5
19 54
16 72
59 20
6 97
56 2
90 53
29 6
8 21
53 1
52 41
45 53
83 17
96 66
21 90
95 62
94 70
21 37
54 10
59 17
52 15
63 41
64 46
46 71
90 13
59 33
78 88
24 70
47 28
87 10
76 37
94 12
43 20
40 96
44 13
22 99
16 1
89 69
49 82
44 92
71 25
87 51
13 77
59 64
26 63
26 46
76 61
55 46
99 15
62 42
58 18
4 9
40 34
82 43
98 19
90 71
24 87
68 3
42 36
74 63
98 79
74 21
83 13
13 1
4 51
52 44
18 73
70 33
32 22
49 30
97 92
13 86
48 43
18 35
40 64
47 44
39 39
12 44
78 60
96 76
15 7
74 47
23 84
93 5
77 77
56 29
32 75
29 11
61 68
98 27
57 13
74 74
39 70
62 46
96 26
54 5
85 83
79 34
99 39
54 34
56 26
26 89
48 66
19 98
90 100
24 61
83 18
61 55
85 8
14 66
67 95
72 85
35 33
46 16
72 82
74 32
89 39
100 72
51 76
79 82
97 73
19 4
74 18
95 72
81 25
32 74
84 92
20 91
97 9
30 55
31 25
38 95
72 98
49 60
40 67
91 39
10 85
47 45
2 3
6 9
86 90
11 27
70 46
35 58
61 52
9 13
98 87
87 100
51 6
73 68
70 28
18 82
22 91
48 56
69 76
52 32
65 42
12 20
20 80
65 26
54 54
58 26
12 19
1 91
71 49
38 68
55 33
54 31
46 79
22 17
19 88
45 1
79 30
64 26
1 47
82 91
89 32
24 99
53 39
7 39
43 64
76 99
21 28
84 89
12 25
91 32
6 55
95 79
52 77
66 54
50 78
14 53
3 42
96 82
97 100
43 19
15 19
41 39
99 52
69 78
6 79
51 92
18 9
45 31
27 78
70 100
19 69
94 17
75 33
43 93
33 70
30 26
99 23
80 95
48 69
49 54
15 6
74 84
91 28
13 36
77 84
93 93
66 96
19 61
67 78
87 3
3 31
85 45
80 93
92 6
88 69
71 100
76 41
88 65
95 67
87 38
82 69
40 71
45 13
70 97
1 23
96 55
45 48
86 40
42 24
64 81
62 17
17 12
74 30
88 62
59 63
80 31
61 81
24 95
16 82
57 50
7 80
96 83
2 20
99 10
35 22
74 37
78 38
8 92
94 46
22 52
13 53
98 52
25 29
29 84
86 46
93 42
95 25
49 34
78 69
99 78
10 70
14 15
98 49
88 26
34 75
66 66
61 15
23 85
44 87
27 45
52 5
61 70
69 45
11 2
89 83
9 30
90 4
70 91
14 33
26 29
81 37
15 32
40 39
89 53
69 13
62 27
31 88
56 40
19 2
77 92
38 20
95 98
64 32
88 37
48 83
69 57
27 80
15 20
56 39
74 7
18 70
70 72
4 58
6 83
89 30
20 25
64 15
49 52
27 25
57 35
95 90
95 6
17 43
45 14
85 12
89 76
76 24
63 39
57 37
22 13
20 82
76 89
15 33
47 68
40 46
81 27
42 70
17 99
98 66
51 8
61 84
82 79
53 11
51 47
67 89
39 38
22 14
79 91
85 44
44 8
94 85
24 88
10 64
83 64
10 22
56 52
13 2
70 42
90 92
75 41
50 44
82 13
100 20
64 19
2 45
97 36
14 98
77 10
48 28
57 89
94 97
95 76
29 41
19 10
2 94
13 20
28 56
86 43
53 45
12 23
45 68
71 38
96 24
96 61
71 71
4 93
26 64
25 25
50 83
30 76
72 91
10 94
57 52
18 74
67 64
10 15
53 75
54 43
41 72
9 2
43 75
46 33
78 70
84 83
75 74
1 5
76 67
67 52
32 69
46 39
47 71
48 61
88 54
21 72
58 100
72 16
60 36
30 14
12 84
59 62
24 48
54 3
61 3
83 26
56 49
79 17
68 7
35 1
14 42
14 40
68 18
2 88
51 96
84 67
83 49
91 96
59 71
7 4
65 32
51 11
17 100
5 100
53 36
70 48
42 17
22 47
57 45
66 99
79 52
6 43
81 56
2 68
32 3
27 81
75 75
24 82
12 90
83 6
91 65
23 48
54 98
58 52
7 10
92 85
48 72
7 19
6 25
44 72
3 4
31 27
23 42
19 34
31 63
75 61
26 23
38 96
48 82
24 5
86 51
83 63
58 30
6 13
19 41
31 35
36 94
55 57
76 72
64 12
81 3
51 44
35 47
68 51
46 28
26 8
13 43
31 54
16 3
72 19
96 3
80 81
7 20
5 23
87 80
79 19
36 99
32 68
91 18
49 15
17 48
38 3
98 10
17 26
75 37
16 5
26 21
20 47
83 34
27 35
71 52
37 94
49 12
76 58
74 56
33 57
46 74
87 78
34 42
37 48
14 41
66 92
60 60
6 80
82 17
15 27
8 65
14 4
33 46
64 54
31 95
60 42
24 27
39 16
17 3
10 98
57 16
87 77
27 86
4 91
40 1
41 84
83 57
92 95
76 6
20 56
17 11
44 47
64 87
34 61
4 100
80 57
48 75
16 95
84 16
100 22
10 36
29 3
47 48
71 19
13 78
1 15
78 89
45 98
35 52
38 92
20 90
55 71
92 2
26 54
53 8
91 31
29 81
20 75
98 13
10 38
47 36
72 31
71 57
51 71
7 71
9 50
62 20
73 21
89 38
86 45
4 52
43 50
50 49
54 48
34 2
42 88
27 28
70 16
50 42
21 70
31 10
86 94
18 1
76 38
20 7
34 92
70 71
25 39
93 89
49 1
8 81
37 76
55 72
92 3
72 62
83 89
70 60
100 76
21 15
70 88
86 20
34 66
39 10
95 96
95 28
57 34
52 60
47 73
22 64
50 26
91 70
90 27
93 38
21 71
39 67
100 49
58 31
45 79
16 97
74 88
17 29
25 61
21 44
68 19
98 61
84 62
41 41
9 63
37 30
92 77
99 6
30 77
81 53
80 66
24 55
11 57
85 28
96 94
26 56
44 75
29 42
83 4
47 59
2 7
71 75
57 54
99 84
29 64
77 31
23 82
10 44
63 59
8 3
14 67
55 85
25 44
40 4
55 16
30 15
58 66
46 96
35 76
38 56
62 56
92 33
60 25
53 4
50 97
93 4
46 29
47 99
97 51
50 53
34 81
57 7
78 24
24 3
33 20
44 80
48 88
86 82
2 91
20 68
59 69
5 85
78 2
62 59
18 80
37 89
73 95
45 39
69 6
21 56
75 45
56 50
63 57
100 71
99 69
94 67
7 65
100 88
28 48
53 84
49 75
45 2
55 11
98 94
33 55
1 66
39 78
44 68
4 17
71 91
61 36
1 75
63 65
26 90
93 90
47 39
51 3
85 14
75 83
83 43
29 48
53 22
77 23
93 87
14 36
79 44
60 75
5 70
19 12
31 87
64 39
73 85
55 40
56 15
39 3
70 59
94 71
76 32
96 17
69 25
80 56
15 16
5 63
92 73
42 53
56 83
53 69
73 2
37 7
56 79
52 43
45 96
32 76
60 39
3 72
62 6
15 92
98 55
85 95
17 45
82 29
21 46
17 50
61 26
79 76
42 75
17 49
90 5
73 26
44 17
15 11
79 46
84 51
93 2
50 98
76 12
50 39
53 74
12 21
18 50
44 62
86 57
97 27
30 75
62 14
80 12
33 14
79 64
88 61
29 19
62 76
72 78
37 19
52 28
82 66
50 96
1 54
100 24
37 5
83 74
87 18
94 75
26 91
23 55
58 88
29 74
85 55
44 57
76 78
80 30
12 91
89 58
88 51
21 78
18 18
53 79
55 87
45 33
51 82
84 59
44 28
66 76
27 70
22 27
76 55
59 30
33 42
92 48
100 36
99 93
42 23
5 54
31 9
4 39
41 38
33 91
82 75
68 73
12 36
68 83
47 75
26 88
18 48
87 89
61 12
57 64
68 33
52 58
51 19
56 14
72 61
82 85
48 7
44 65
89 41
23 10
32 90
40 13
27 67
81 59
58 41
8 76
64 78
63 98
5 98
31 36
72 29
92 40
86 42
17 51
85 30
86 75
12 61
71 26
68 40
98 57
35 19
43 73
64 48
12 34
28 39
70 76
80 74
90 32
81 49
7 64
13 89
6 58
81 13
50 99
36 72
9 14
82 87
79 16
14 24
31 85
45 62
16 74
35 86
20 86
88 70
48 94
51 33
17 89
76 66
25 17
56 21
6 88
97 81
14 99
44 27
12 6
77 57
15 50
40 18
38 25
30 73
71 39
61 63
83 32
66 94
58 38
33 1
73 82
64 31
61 35
34 48
34 1
59 9
5 66
91 72
98 76
23 20
8 63
40 41
87 70
42 3
51 86
90 94
85 82
21 7
59 97
77 46
81 31
38 79
84 27
6 92
89 84
63 36
58 92
11 76
53 25
9 98
27 61
72 50
64 98
27 75
8 10
35 81
91 29
70 81
46 55
12 64
100 13
37 36
99 76
40 17
78 100
35 40
81 33
10 52
88 10
94 3
35 93
41 33
52 11
47 40
15 97
26 39
29 37
7 44
74 31
17 79
12 51
9 74
46 12
19 49
9 97
22 81
86 36
43 92
65 77
79 77
14 35
74 67
41 52
11 34
39 24
45 59
37 8
8 100
99 11
23 65
56 31
28 91
59 76
13 72
90 72
18 45
40 29
54 39
15 31
22 76
7 51
85 77
70 6
57 95
65 30
10 72
75 1
98 26
13 9
52 22
27 85
73 65
100 46
37 64
10 75
98 48
52 53
52 62
34 78
29 53
42 71
30 20
76 75
5 62
12 55
48 79
57 79
63 2
4 73
42 65
69 40
77 74
86 35
38 24
32 10
69 54
77 7
41 19
77 67
60 70
67 86
30 57
25 6
9 10
79 10
63 95
34 14
66 73
11 83
20 93
58 7
25 26
71 70
68 6
80 77
18 75
94 19
83 93
72 33
100 39
93 44
34 72
46 15
15 40
41 91
61 24
94 61
54 16
33 63
90 56
25 66
95 43
88 76
46 26
30 13
20 45
73 50
49 2
44 63
95 48
45 12
55 50
71 87
34 52
43 6
6 14
40 56
91 2
24 42
99 64
41 13
22 18
59 8
82 4
2 77
58 80
89 48
65 43
13 47
11 73
82 35
46 10
25 89
12 68
24 19
82 90
11 61
94 20
92 38
3 51
3 71
34 84
90 9
45 47
57 77
83 42
54 44
63 76
25 75
18 30
28 76
53 82
23 100
51 26
25 85
20 55
52 1
4 68
89 95
80 29
57 38
25 62
37 58
45 26
98 33
56 73
97 59
24 94
1 74
65 69
59 87
63 49
56 72
66 39
89 26
63 1
97 47
7 90
44 84
14 81
23 98
27 43
22 90
82 65
86 55
69 79
9 17
9 26
22 50
86 65
61 91
34 79
30 97
36 62
41 10
93 67
96 33
13 34
36 49
62 93
76 98
64 35
54 93
54 65
41 48
80 59
67 77
21 20
89 40
68 5
87 99
7 89
86 19
2 15
18 14
14 23
91 23
58 74
37 98
47 31
86 31
86 63
83 47
71 15
78 71
36 37
16 8
23 4
71 41
76 94
76 91
30 45
41 7
14 28
37 29
79 20
45 57
29 20
44 69
59 100
27 96
58 54
2 40
15 58
41 3
27 39
37 28
52 21
69 69
56 6
38 13
42 81
60 24
50 21
1 36
38 6
2 41
100 4
58 23
75 28
36 73
90 1
36 87
100 67
24 46
46 61
48 15
75 53
85 88
72 65
4 71
67 41
62 22
25 79
17 90
60 11
62 64
96 11
84 22
32 7
61 61
74 80
45 87
64 21
62 28
85 9
16 68
47 80
14 95
30 22
77 79
8 51
17 56
15 35
45 15
48 100
25 45
93 50
57 80
30 60
95 55
69 20
61 6
78 20
76 25
67 63
61 30
92 82
83 35
45 5
16 60
89 37
47 64
64 4
4 63
89 100
67 57
45 11
47 19
61 85
35 24
61 5
95 87
75 18
49 62
23 13
50 71
3 39
88 43
92 44
26 3
23 34
66 83
35 7
93 25
29 14
72 41
65 99
14 32
86 13
67 11
33 2
26 9
83 23
42 83
55 76
40 70
67 48
100 6
30 42
77 51
22 100
90 49
99 91
25 9
10 96
36 81
46 63
74 6
44 79
55 60
24 23
8 14
31 71
83 69
100 28
28 67
61 18
85 84
90 88
90 22
68 29
96 25
57 82
13 14
76 50
23 36
68 61
89 91
37 84
85 98
53 70
64 79
36 43
36 91
71 40
30 34
38 39
72 76
16 63
52 24
47 9
69 89
23 3
18 34
48 8
100 9
86 21
18 71
28 78
74 52
95 23
59 7
67 7
45 100
87 98
8 8
31 82
62 3
25 12
60 76
20 2
46 40
29 23
88 93
51 17
1 83
68 41
14 65
10 39
20 96
7 37
15 5
45 29
28 46
92 58
62 50
55 5
83 16
93 46
51 95
9 40
9 58
51 49
73 17
53 3
48 10
68 66
87 33
61 28
4 36
90 6
41 90
91 98
58 61
17 65
17 30
100 48
26 13
89 86
23 73
92 36
91 75
30 89
8 28
30 99
30 51
56 67
79 5
57 61
47 33
82 26
8 13
77 18
13 96
15 54
29 32
12 22
17 27
1 9
8 77
90 30
48 97
94 31
4 8
26 84
83 38
46 76
34 10
46 32
31 8
73 58
6 38
47 11
17 17
72 64
75 14
25 15
92 72
65 25
20 46
74 100
36 61
55 22
50 33
85 26
77 2
73 32
24 11
42 67
35 83
37 14
94 18
23 39
98 1
68 48
74 14
24 14
82 14
27 21
46 58
22 19
25 21
82 46
65 87
16 88
63 81
74 9
81 52
43 33
65 84
49 9
40 26
84 21
89 94
70 19
85 62
24 18
60 78
55 82
84 79
70 26
87 63
74 65
26 10
19 100
42 2
18 24
20 18
76 5
93 8
36 9
92 70
2 92
8 39
79 94
76 44
12 65
99 58
85 63
21 81
36 33
91 64
98 47
68 65
68 13
37 24
37 12
24 6
50 7
2 79
28 63
54 24
83 80
4 18
51 39
17 7
15 29
8 36
40 85
56 91
55 1
63 10
79 4
23 59
75 20
41 92
52 55
37 82
30 38
22 73
71 69
12 12
80 76
93 35
30 72
57 57
81 42
19 27
44 26
31 26
53 93
94 27
60 9
66 47
50 80
48 58
68 95
74 79
39 34
65 2
22 7
93 16
26 83
50 93
93 77
48 17
5 71
4 15
32 48
41 8
73 56
32 97
30 8
43 36
57 58
41 94
40 3
10 51
27 7
29 97
91 35
20 15
93 69
89 97
46 41
52 73
9 75
63 20
26 4
46 67
31 67
1 11
40 36
98 90
66 18
41 20
39 9
28 94
77 17
80 5
53 63
45 38
72 71
60 62
21 93
1 37
64 68
40 5
50 28
91 19
14 83
53 38
5 50
90 59
86 49
56 78
5 42
65 83
10 48
92 41
69 16
75 8
73 20
5 88
9 44
20 94
87 47
81 95
68 15
86 67
33 89
23 93
82 84
59 35
49 37
2 16
54 69
43 100
43 71
91 88
1 77
32 39
44 55
95 63
98 86
45 58
16 96
79 79
56 70
29 39
82 98
64 89
17 22
59 12
51 97
91 20
81 82
42 33
20 4
87 41
59 91
37 52
13 5
82 42
15 24
14 90
98 95
72 32
78 55
79 27
51 88
54 26
19 99
22 20
52 90
72 35
21 32
83 78
97 14
56 94
38 90
19 28
70 25
82 5
24 81
29 40
62 94
3 65
14 61
35 90
38 23
99 74
15 61
84 50
73 100
55 21
42 47
59 86
79 69
95 24
98 16
68 49
68 100
62 15
98 29
11 5
11 13
82 40
42 38
9 57
99 42
40 8
26 47
19 32
91 97
21 58
57 19
43 40
96 43
33 4
100 43
55 93
99 61
7 9
73 61
66 11
41 37
56 98
93 11
31 97
94 87
49 51
58 46
70 68
30 21
93 59
90 21
35 16
34 63
89 67
43 44
58 35
81 43
50 10
89 2
40 76
87 92
80 13
47 84
60 50
33 23
48 18
72 45
84 87
11 82
77 27
50 60
96 38
59 74
95 16
19 23
26 38
7 92
83 100
95 69
88 17
90 18
46 51
92 45
6 12
49 36
13 22
81 83
14 1
68 8
64 83
12 31
97 50
16 61
36 78
24 2
70 47
79 68
24 7
14 11
54 1
57 78
51 67
94 72
16 58
56 77
37 31
15 42
63 85
42 97
78 19
53 85
43 84
18 61
29 38
21 87
1 67
29 45
25 33
83 70
20 99
80 68
10 77
40 6
22 78
31 53
6 47
25 69
78 61
87 31
50 58
75 79
25 38
65 79
51 72
19 22
13 16
77 99
41 51
43 12
14 94
95 89
11 70
77 81
4 78
92 24
29 12
56 92
57 47
37 97
89 70
36 70
99 19
67 19
29 67
87 74
85 1
97 54
87 75
79 14
87 69
82 59
69 75
17 53
55 68
91 99
65 54
84 77
87 9
10 32
15 96
13 40
84 58
8 24
76 8
77 52
28 85
11 44
50 95
2 96
15 82
33 45
82 82
80 8
80 100
88 83
78 33
79 24
5 11
29 99
86 33
82 23
70 36
99 7
81 66
83 73
44 53
71 65
87 17
43 30
98 17
50 20
23 60
32 92
1 93
92 16
37 26
94 22
90 69
25 59
20 14
37 87
46 47
94 57
82 94
50 54
15 83
55 75
57 53
100 19
39 92
4 82
30 35
1 79
21 59
63 52
67 22
45 37
59 94
75 26
33 32
96 96
59 32
7 83
25 50
24 47
36 26
91 16
39 48
11 80
99 86
25 3
26 61
18 63
100 55
84 14
86 99
68 44
47 20
66 59
97 34
72 6
44 96
59 11
52 92
2 28
30 27
26 80
98 99
28 70
54 80
77 97
57 68
6 45
62 33
28 65
84 34
52 66
31 78
75 55
76 16
18 91
29 18
12 74
18 32
17 92
60 83
71 4
63 71
98 4
49 68
39 85
76 100
50 35
16 32
47 6
42 69
88 47
48 44
51 60
49 92
31 6
63 86
36 77
64 2
12 56
59 88
43 2
52 85
29 63
67 17
33 86
22 45
59 72
39 94
35 94
8 5
25 56
97 11
66 1
7 86
41 29
89 8
26 48
61 42
69 62
7 8
39 84
67 55
48 54
47 34
3 52
61 33
12 26
77 56
76 34
59 67
51 32
54 100
92 42
43 4
57 1
21 83
60 10
93 24
93 17
19 96
77 76
88 72
61 11
84 74
7 33
3 44
10 23
8 23
39 72
63 97
29 65
82 71
55 38
29 79
89 31
65 86
73 92
70 39
27 52
27 49
23 45
18 2
58 79
17 10
53 72
56 93
94 5
16 6
84 20
43 26
64 63
12 41
33 64
42 54
25 58
51 57
100 69
25 94
4 49
11 84
18 52
19 15
93 23
40 63
32 35
22 92
82 58
84 31
20 3
52 47
72 97
61 83
82 77
20 41
55 34
88 58
55 69
49 64
47 78
70 82
24 66
1 52
82 37
24 31
57 30
87 97
65 100
92 97
39 5
88 45
79 39
36 98
65 81
69 95
8 64
4 22
7 36
17 36
52 8
70 75
80 47
16 93
50 56
76 33
77 95
64 92
41 76
45 25
97 53
11 21
90 31
83 87
85 74
81 71
8 37
21 66
91 44
59 43
69 17
95 18
45 20
36 86
92 34
3 66
60 88
90 60
12 62
74 91
53 92
44 50
23 71
72 20
46 30
81 47
30 18
40 15
60 46
53 52
74 58
72 96
90 41
15 30
35 54
23 37
73 24
63 35
89 56
75 31
3 76
88 3
29 92
63 72
23 54
85 5
49 58
26 81
77 47
38 85
83 90
15 65
10 54
91 82
89 3
40 79
32 18
55 84
41 1
69 37
27 38
15 100
69 30
64 75
18 99
17 39
54 15
64 24
49 70
84 6
98 12
4 48
95 91
59 14
86 74
32 43
51 15
40 11
45 41
77 53
96 32
84 98
9 11
74 4
87 87
24 58
86 23
69 65
44 25
20 50
30 24
79 55
85 72
72 63
5 40
28 66
74 64
65 17
67 9
33 73
31 28
70 38
7 77
41 47
69 2
91 81
8 33
43 15
31 12
63 22
5 25
68 30
32 64
27 95
49 32
8 59
42 29
4 79
64 59
47 76
35 32
84 48
30 92
38 88
8 47
51 38
1 86
14 29
27 56
30 91
37 77
96 47
8 2
64 76
25 68
59 52
99 96
73 99
27 51
32 21
19 33
85 73
80 24
23 86
88 35
46 80
5 12
64 85
50 14
43 31
63 34
25 34
93 53
32 96
16 35
72 99
85 57
38 64
98 42
97 23
12 7
49 100
1 70
41 78
4 5
7 69
14 92
85 40
40 51
19 87
64 80
30 69
69 33
60 43
28 11
35 44
16 41
3 94
46 59
7 13
76 70
60 71
51 25
23 8
49 26
55 56
2 46
46 62
52 10
19 44
64 28
89 45
19 1
97 15
78 64
74 66
85 85
7 12
43 23
95 58
92 39
37 74
13 42
70 64
11 56
77 11
97 25
74 70
91 55
19 66
91 48
1 27
42 8
8 17
95 51
83 50
39 97
77 25
75 78
2 31
3 61
89 1
54 86
71 13
19 74
86 85
45 16
53 18
92 59
97 96
9 64
33 94
14 8
93 20
91 25
42 94
35 67
31 93
38 100
24 21
43 65
55 30
89 21
29 43
4 64
13 70
66 72
96 49
97 38
86 91
16 45
58 53
4 66
31 66
44 91
44 14
43 61
59 5
21 91
56 69
91 34
22 55
62 29
40 55
1 19
7 68
37 9
51 34
95 32
49 41
32 62
16 19
99 80
2 36
79 36
53 16
76 51
38 29
91 56
19 73
34 34
89 29
72 38
65 44
52 72
6 41
11 71
1 68
25 4
59 70
80 97
56 82
33 49
31 48
47 70
74 99
18 92
85 6
31 99
43 54
42 86
25 40
2 83
25 87
79 85
73 94
35 31
23 46
11 40
84 8
35 84
73 71
68 93
43 78
54 38
61 98
27 92
66 34
15 70
75 72
67 29
60 16
30 29
9 55
64 6
91 3
64 56
64 3
81 99
46 50
60 89
39 100
24 51
52 3
55 45
5 61
37 1
55 83
23 21
81 97
75 36
52 18
6 28
78 26
33 51
50 66
75 5
9 76
52 29
92 99
71 43
67 94
2 58
22 53
78 6
67 83
46 95
25 37
8 18
80 4
69 96
42 82
50 40
67 12
35 71
67 50
36 1
47 87
96 65
7 55
26 32
96 7
49 94
48 87
91 66
25 71
54 42
44 29
20 78
60 86
23 87
71 24
37 38
72 48
99 81
47 98
10 57
30 31
23 89
37 39
100 81
22 33
36 59
58 12
63 47
28 83
52 19
92 32
16 59
94 23
78 66
81 54
1 33
54 20
48 22
39 33
85 56
82 55
78 8
22 21
8 90
91 95
3 43
77 41
80 45
79 40
89 79
53 60
34 6
94 64
16 91
39 58
92 68
18 65
48 4
27 77
50 6
56 68
31 42
24 93
37 71
60 23
61 100
58 87
91 67
57 2
98 2
28 6
70 49
56 25
84 54
34 100
26 16
80 19
13 81
31 60
79 25
9 87
87 28
84 43
85 66
37 40
75 89
77 45
6 63
25 14
80 18
14 63
6 17
84 88
65 93
70 23
21 74
100 61
53 23
42 99
51 66
88 34
24 22
47 82
35 8
61 23
100 11
76 42
71 98
70 86
9 3
80 89
88 52
66 8
60 68
42 87
49 72
79 43
63 68
72 10
66 97
88 19
82 3
56 12
64 45
51 85
18 38
6 7
69 52
23 53
79 95
14 54
42 63
12 27
9 86
91 43
88 60
16 89
36 27
100 78
10 88
48 38
49 31
49 40
16 4
58 83
78 95
16 94
74 8
77 43
15 60
27 62
50 76
10 29
23 29
8 34
27 30
12 45
94 38
62 62
48 77
29 100
11 92
38 36
84 25
74 72
40 48
85 46
14 3
24 73
2 64
32 86
67 53
35 64
66 45
51 91
86 24
4 67
10 41
8 70
11 51
69 55
87 11
92 10
94 43
57 36
47 46
44 81
7 66
70 1
3 32
14 78
65 36
88 86
90 19
11 95
31 14
17 98
43 24
34 33
13 94
45 44
27 26
22 69
85 23
88 90
64 16
11 74
8 38
36 38
52 13
33 75
63 79
14 68
2 35
83 36
43 89
98 98
48 12
14 13
27 19
21 64
99 40
65 74
16 98
58 57
92 61
52 86
17 58
58 1
80 67
98 37
96 54
13 28
47 12
20 27
14 70
71 59
38 16
79 59
14 12
68 17
62 45
39 6
22 77
85 87
6 8
47 100
78 96
32 13
42 20
100 42
68 92
99 44
57 92
50 91
42 12
95 93
97 57
80 70
93 72
20 69
76 40
16 23
11 37
98 59
80 98
3 1
50 48
5 32
11 14
11 4
78 27
34 5
40 83
55 81
81 91
96 60
91 21
58 90
70 89
55 88
97 40
29 5
97 83
91 46
77 55
24 56
21 6
59 90
19 17
72 12
86 88
7 50
10 40
76 84
2 17
87 27
28 27
38 47
28 69
78 54
15 53
35 34
64 41
89 54
42 73
51 21
62 55
99 47
58 98
78 85
67 2
3 100
51 58
33 19
41 80
82 96
38 73
57 32
85 65
54 23
16 14
96 1
87 57
30 100
7 26
53 50
71 20
11 47
62 77
97 41
60 31
62 48
66 82
81 21
76 46
77 71
73 53
79 70
73 77
37 53
29 36
59 84
7 1
92 26
88 16
38 58
54 66
83 84
32 47
9 70
13 18
70 17
41 100
48 57
62 13
42 27
88 22
85 7
94 35
74 95
57 62
64 44
7 70
14 30
35 99
68 10
75 48
23 31
66 12
13 85
95 31
14 6
83 10
93 36
49 89
54 21
55 36
72 26
48 71
88 4
89 4
25 49
85 47
30 44
92 15
9 29
49 38
49 4
31 33
74 78
86 68
50 86
73 39
56 56
28 18
30 37
48 55
85 17
4 72
82 93
75 99
17 78
44 9
22 46
98 72
5 43
23 40
75 98
56 30
32 5
42 6
8 48
47 53
87 50
100 99
18 77
3 55
28 93
7 67
9 25
80 86
39 36
41 79
79 51
53 12
7 74
78 39
100 54
25 24
16 77
20 88
13 69
76 92
4 1
21 43
61 38
38 76
73 33
34 56
45 92
92 76
56 85
88 57
26 75
11 25
66 41
75 35
19 46
40 40
4 11
37 23
50 61
90 70
62 52
71 11
64 93
22 82
24 75
75 19
7 72
72 66
81 9
67 96
21 57
2 67
3 68
75 88
100 29
33 7
39 15
64 72
100 34
62 43
7 42
63 3
60 94
31 52
57 75
77 38
58 19
27 82
23 67
48 48
88 38
51 36
39 75
32 59
40 12
46 35
16 65
61 60
86 84
38 21
54 78
71 3
43 95
66 58
81 69
35 74
91 90
21 79
81 12
81 34
45 70
44 6
18 12
26 25
27 24
19 59
34 85
2 34
13 56
72 81
20 76
74 89
94 58
14 17
3 57
85 64
89 61
70 87
80 28
36 24
31 72
37 22
22 49
10 91
56 4
93 30
3 2
73 88
29 96
35 91
34 77
33 41
95 26
92 52
9 93
5 76
92 14
95 57
44 15
54 35
41 67
68 21
15 78
84 99
97 80
22 12
51 98
89 71
83 83
88 100
9 90
69 97
96 21
83 97
37 10
15 84
13 59
1 73
70 27
83 94
62 16
60 4
25 82
46 89
98 36
36 95
56 44
55 70
45 83
39 43
48 31
17 23
75 67
40 69
3 37
88 36
37 70
75 97
91 85
24 90
65 63
62 85
43 27
63 9
49 3
58 96
64 25
28 1
51 7
69 92
45 27
99 60
28 7
91 73
85 31
20 22
28 31
24 100
62 1
2 65
34 29
95 34
70 84
9 67
17 57
32 15
44 48
83 85
87 76
40 81
36 93
11 23
47 17
29 26
26 19
2 95
97 32
12 82
84 40
34 32
46 2
48 99
27 54
67 6
86 44
8 6
47 57
41 62
73 91
60 95
9 72
2 5
74 82
48 20
10 31
8 84
1 40
16 33
33 52
4 29
73 59
12 75
5 9
1 26
96 52
51 54
78 83
70 5
9 68
59 48
1 61
68 43
47 2
94 33
16 30
88 73
93 73
46 60
85 70
18 21
2 57
32 8
81 51
54 97
42 34
96 48
77 61
63 37
59 41
50 45
12 43
79 3
58 73
48 23
19 3
80 72
26 99
41 26
85 78
79 73
84 52
99 51
94 51
13 33
34 41
78 44
13 91
75 90
52 95
1 38
16 51
99 29
4 12
56 59
33 96
90 93
77 72
15 67
20 81
68 12
6 22
53 57
96 99
69 86
47 90
79 54
54 77
49 39
93 56
55 7
57 48
51 78
43 17
79 50
37 46
82 8
38 93
76 68
58 24
45 8
63 58
75 57
67 49
9 65
66 5
87 72
98 35
63 23
26 11
12 78
1 56
55 100
10 14
93 14
33 31
85 36
65 73
16 24
22 39
49 23
74 23
96 70
96 30
23 35
27 29
49 8
10 87
48 62
46 84
30 66
71 54
66 77
46 87
1 12
99 31
80 71
92 57
61 10
93 48
10 6
37 63
98 74
11 28
5 26
84 75
70 80
5 17
45 19
73 41
56 51
38 71
95 15
19 40
10 3
20 11
82 78
28 33
62 61
54 17
87 65
64 97
38 7
21 96
17 66
4 98
78 15
78 50
93 94
49 24
58 47
100 87
21 67
41 86
49 5
78 84
76 96
4 60
52 91
56 45
5 58
45 65
53 94
86 29
63 55
54 59
55 23
8 91
23 66
16 12
56 66
72 3
87 32
79 57
49 7
82 19
33 8
54 73
40 7
35 57
55 8
62 37
12 17
62 10
64 47
26 100
56 86
87 44
92 50
86 30
31 7
91 53
34 26
28 53
87 34
11 53
67 15
8 7
53 87
99 45
24 4
5 80
78 25
57 85
53 61
88 27
64 33
57 6
1 51
93 32
31 32
5 38
91 24
36 52
60 26
61 66
67 46
21 41
22 66
69 46
29 22
85 59
60 20
70 11
17 6
78 94
85 81
45 52
9 22
6 61
45 23
50 12
80 23
48 67
23 2
91 4
32 44
27 5
43 7
91 33
97 67
91 80
19 36
75 100
27 50
67 92
68 16
47 93
71 28
22 63
86 10
8 19
4 28
39 21
86 93
27 9
88 67
53 46
14 26
23 68
53 20
37 95
14 91
23 76
2 86
35 35
41 32
14 73
54 72
76 86
24 64
100 83
18 26
84 94
93 45
29 16
36 56
32 11
13 32
90 62
93 81
23 12
59 29
65 38
98 88
19 93
46 36
33 29
87 85
31 91
3 6
54 40
33 87
25 63
23 7
26 24
70 73
1 100
67 67
65 80
73 9
32 73
12 99
34 12
22 8
36 85
55 31
48 52
71 36
21 99
79 87
12 47
12 96
50 81
6 99
64 17
95 36
40 2
48 27
19 72
63 89
49 45
73 76
44 46
30 98
66 42
62 38
30 1
37 62
70 99
93 96
21 100
28 64
31 70
43 38
57 31
22 42
52 12
14 97
36 66
47 10
32 32
25 95
48 51
14 49
95 38
34 21
66 43
8 79
1 98
99 94
94 7
50 63
1 32
45 69
5 65
24 35
19 60
78 18
52 87
82 76
23 14
27 58
25 100
24 85
16 43
63 31
21 9
63 78
51 37
93 99
89 44
49 99
70 8
24 69
86 50
55 15
87 16
95 86
83 76
78 47
36 51
86 69
33 25
94 50
32 37
70 32
5 93
45 76
91 92
75 93
41 69
60 3
13 52
47 21
31 61
17 34
45 50
11 7
3 13
39 74
3 60
61 46
19 79
70 52
37 4
17 32
81 7
21 88
10 63
4 95
46 46
96 31
90 85
72 55
29 2
100 17
75 59
96 89
50 68
81 79
66 2
80 80
6 98
68 9
70 54
87 62
62 79
73 55
98 97
23 74
70 50
46 37
21 21
8 85
30 85
32 41
56 42
80 62
11 16
88 95
91 83
11 59
25 1
86 76
86 7
50 62
35 92
13 50
19 64
8 9
27 60
44 71
60 81
66 7
17 33
76 52
12 71
18 20
63 87
10 60
80 3
68 84
92 92
24 77
54 58
100 40
88 30
48 92
12 79
9 66
32 88
9 23
48 64
9 59
25 48
93 86
100 5
20 38
59 81
38 51
1 24
11 39
59 55
90 75
15 17
6 91
19 65
31 13
82 31
30 36
72 56
72 36
50 57
24 49
99 70
44 88
78 67
16 36
95 85
80 65
6 18
53 55
80 22
21 10
67 56
75 86
68 88
35 85
74 53
61 51
24 68
56 60
47 83
21 80
4 19
55 18
51 100
80 6
5 15
27 55
97 4
52 69
58 93
41 35
7 61
46 77
26 28
36 97
66 28
53 68
31 4
22 28
47 52
2 39
17 1
18 13
26 15
9 24
51 4
80 15
52 67
27 97
82 83
52 39
26 72
37 83
99 36
65 34
1 25
4 61
47 26
61 69
75 64
69 8
24 8
46 48
39 76
65 68
31 3
70 79
50 34
43 25
67 28
5 48
93 43
65 4
39 26
9 45
40 31
73 62
84 78
51 61
80 60
99 12
20 72
28 79
29 66
41 36
54 41
58 6
34 25
96 75
63 24
85 21
23 96
13 64
100 84
33 27
25 27
97 30
90 20
73 49
18 6
70 14
43 8
50 18
1 89
97 55
95 88
72 77
36 75
65 67
90 7
74 41
86 18
93 19
66 93
77 85
92 84
64 52
80 92
18 83
4 90
62 58
29 35
78 32
54 70
31 21
64 77
1 94
39 40
94 2
52 89
74 27
73 1
86 16
78 93
47 43
35 6
64 13
21 69
2 47
100 14
72 15
46 83
65 65
98 50
47 8
17 61
11 36
34 87
83 75
75 42
66 57
98 45
10 73
56 58
54 61
55 47
78 48
42 68
83 68
99 67
38 70
38 1
54 52
87 96
28 54
41 83
69 3
58 2
59 16
28 58
81 10
1 72
55 51
86 87
39 82
8 29
34 93
90 82
83 30
29 94
81 87
83 82
98 96
53 81
84 7
48 47
1 8
75 94
39 56
1 64
52 31
46 34
12 100
99 99
34 37
79 62
75 80
67 13
51 10
48 68
94 73
11 69
10 17
10 90
84 91
93 62
15 34
72 27
74 68
88 21
84 96
53 27
14 86
86 73
2 44
14 25
86 78
22 79
50 30
79 78
18 97
20 59
38 75
76 88
5 74
35 69
56 32
82 97
82 95
