44 58
876
5 14
1 33
6 10
58 42
34 46
38 55
56 14
45 48
49 13
28 16
16 43
32 27
50 9
38 11
56 1
17 2
20 54
10 54
7 11
34 56
8 12
1 50
34 4
23 16
36 8
46 32
29 47
12 53
18 2
25 38
21 46
52 11
7 55
54 28
30 35
4 34
50 58
53 56
7 29
53 52
9 13
7 25
48 3
9 42
6 6
15 33
14 55
18 45
10 14
32 44
26 2
34 52
15 27
54 58
9 49
47 7
11 15
56 42
21 30
30 56
35 27
36 28
6 17
44 46
27 49
5 45
33 12
42 2
9 9
35 36
3 4
43 39
44 54
3 54
42 41
55 20
28 26
15 39
49 38
22 47
25 35
37 14
33 2
26 9
12 23
31 26
20 41
8 10
20 56
24 11
10 58
41 42
1 46
42 8
56 6
58 11
50 30
6 14
27 30
54 30
56 49
3 43
5 26
15 54
34 29
27 16
37 36
48 28
19 5
57 50
11 50
48 7
7 16
12 37
46 24
36 1
34 13
40 27
41 32
3 28
52 20
52 27
58 33
6 48
54 54
4 49
23 53
43 51
7 53
16 41
9 20
7 47
38 12
6 2
52 58
32 3
12 16
29 7
13 17
32 5
16 57
38 1
37 15
58 20
35 18
30 36
55 11
49 5
31 29
18 39
4 9
49 44
13 13
2 38
14 18
16 37
32 46
29 34
29 5
37 42
37 18
8 48
55 57
11 28
44 12
40 57
15 31
39 29
21 24
11 36
15 19
42 1
36 57
52 43
42 36
25 22
3 14
53 16
25 1
37 57
5 18
14 3
53 50
49 37
16 20
28 23
57 23
29 11
7 1
58 43
45 22
39 20
36 26
11 49
55 18
9 19
55 21
33 6
26 1
20 23
43 24
35 23
10 50
15 18
56 58
30 1
44 11
1 20
53 45
56 10
24 42
23 54
34 19
31 49
12 7
10 43
34 25
12 51
5 22
17 52
17 39
27 17
9 54
24 36
57 17
11 23
39 8
28 2
9 15
38 51
28 33
25 24
41 37
50 16
16 2
20 17
12 31
34 37
16 45
52 55
2 28
9 56
23 43
49 31
12 13
14 31
22 29
24 13
51 28
53 37
26 3
31 8
35 20
2 43
50 3
46 9
1 9
40 8
16 46
22 7
33 28
41 39
29 4
2 48
6 27
10 29
17 21
54 3
30 22
53 53
44 15
58 49
11 13
22 37
7 40
39 47
4 29
3 46
49 25
22 10
24 38
39 25
13 26
4 5
32 53
27 51
6 13
19 40
55 55
46 31
48 21
45 6
24 58
39 50
27 28
10 27
43 19
45 32
7 26
24 25
1 13
20 30
31 20
34 14
18 22
32 57
43 25
47 14
30 18
4 40
19 23
19 47
20 24
29 19
32 18
53 32
14 23
53 4
13 33
6 21
58 15
33 11
2 36
30 33
22 56
29 48
23 58
16 21
26 33
20 47
38 32
3 44
44 28
52 28
13 27
39 2
10 24
51 31
47 22
45 21
21 25
25 47
51 23
48 20
10 56
17 42
33 3
44 31
50 2
3 35
22 26
46 43
42 33
45 24
41 47
5 49
24 35
44 9
44 42
37 46
41 33
12 48
14 46
46 2
11 22
44 50
51 22
40 34
3 19
8 40
2 16
17 34
28 27
30 54
4 22
52 36
32 28
58 10
39 14
12 33
42 31
47 13
41 2
1 14
29 17
9 44
36 10
16 11
44 22
28 46
33 16
49 26
34 47
50 34
41 55
21 14
23 15
53 27
57 44
46 8
20 3
26 52
53 49
53 19
48 51
40 4
55 7
21 39
45 2
24 41
48 33
18 52
37 3
47 11
10 38
53 25
6 24
34 3
23 27
21 38
24 28
24 26
57 7
1 4
25 29
8 14
2 45
53 44
31 33
32 41
46 19
19 54
50 36
24 31
11 1
19 31
50 48
43 44
42 12
51 57
38 58
49 56
30 39
22 31
58 32
38 19
10 40
51 48
30 57
44 27
49 58
24 8
44 8
50 12
43 21
21 22
55 9
26 14
26 30
12 6
28 55
22 50
2 32
34 50
44 32
19 19
50 15
41 46
14 44
27 53
58 9
20 37
19 57
1 56
5 10
14 38
27 31
39 40
12 14
27 7
55 37
18 58
31 46
18 50
32 14
5 8
10 57
37 52
8 49
50 32
5 31
49 54
8 57
49 32
13 32
9 22
32 21
6 23
14 54
29 46
51 52
45 10
28 32
47 15
53 48
57 28
29 33
14 13
30 34
17 41
4 16
27 3
27 33
30 50
15 35
15 12
40 12
28 21
51 12
35 24
17 17
13 1
1 28
14 14
13 18
26 37
19 16
56 44
36 16
47 26
15 36
5 40
51 3
14 11
46 56
50 10
3 56
53 54
20 35
13 2
49 2
57 55
15 30
32 15
31 35
28 57
53 57
27 50
32 36
5 20
19 34
5 35
42 38
41 8
44 16
19 39
33 37
52 10
38 29
5 42
12 4
6 58
37 19
27 32
8 6
55 17
13 20
17 9
4 2
13 41
47 43
2 10
25 21
52 30
17 50
57 38
52 38
41 50
22 32
37 49
43 27
4 48
17 31
25 55
34 38
21 4
31 45
53 51
25 44
1 53
11 25
21 34
19 8
36 7
47 3
42 37
7 57
11 26
18 40
6 16
49 52
29 23
47 47
58 34
15 51
34 53
11 45
2 1
24 24
24 18
48 10
11 42
35 39
48 39
23 38
5 34
42 40
18 26
36 40
17 25
47 54
55 3
46 55
26 31
8 23
41 30
30 28
33 42
32 22
9 3
46 42
22 46
9 8
53 26
47 17
19 30
37 41
31 41
38 42
12 34
15 26
13 42
45 51
8 1
37 6
45 26
6 26
52 25
25 28
7 8
21 28
23 50
41 36
10 26
42 35
22 3
31 56
4 42
12 8
58 57
24 47
46 11
8 41
29 3
49 21
34 40
29 36
46 3
24 29
45 34
52 9
3 1
19 45
56 26
8 46
54 47
51 43
11 10
18 10
14 32
42 9
4 56
50 49
43 53
31 28
31 32
19 10
55 50
12 42
40 19
39 43
51 9
31 12
27 15
35 9
31 2
38 3
52 51
14 47
10 41
40 44
24 15
21 51
39 9
52 14
6 20
24 20
8 25
13 52
18 48
38 38
19 56
47 56
49 23
34 28
45 1
27 58
53 58
47 55
50 31
41 45
35 46
10 32
17 28
46 53
28 3
39 10
7 2
29 6
35 43
2 17
20 40
25 11
19 4
34 8
58 13
23 55
41 24
39 3
24 19
53 34
31 34
40 35
41 7
43 31
27 20
20 57
7 7
33 29
45 54
42 46
57 19
33 39
52 45
23 11
49 45
2 42
52 23
36 39
9 34
40 17
12 43
21 11
41 11
6 40
14 39
44 44
36 53
45 12
4 47
57 20
7 10
37 33
5 17
30 17
55 35
27 54
33 41
43 47
35 5
43 36
19 21
27 45
13 8
54 57
35 25
58 1
58 38
50 47
53 30
44 48
32 17
45 18
34 55
44 33
37 30
34 11
1 52
39 23
13 21
45 49
53 38
30 52
22 17
48 32
15 49
42 25
40 54
46 50
55 33
34 57
13 43
8 20
16 18
17 26
7 51
31 57
13 22
36 13
13 30
49 30
22 35
35 7
1 42
43 13
6 25
46 41
37 54
39 51
47 9
43 41
7 42
47 51
24 9
27 57
25 25
48 52
49 3
32 13
47 35
11 32
55 32
20 31
28 42
2 37
15 7
5 43
24 43
49 53
56 5
30 53
36 56
11 31
47 45
43 18
16 27
18 18
23 13
12 36
32 31
28 9
56 23
32 2
15 32
46 23
57 54
46 13
25 14
27 21
2 12
37 31
30 48
29 43
36 19
2 52
16 22
