100 100
10000
49 8
13 32
20 89
41 86
38 90
18 93
84 17
9 92
80 89
89 30
99 100
34 39
4 78
47 61
85 58
83 41
41 50
47 73
25 7
61 68
95 36
60 83
99 47
41 51
19 37
72 56
76 85
5 42
18 81
56 86
40 8
13 81
60 5
17 92
97 42
1 29
18 40
4 23
30 76
98 28
31 23
15 95
41 82
81 22
91 27
66 7
34 14
77 9
46 95
28 43
82 75
47 79
20 92
54 95
35 84
31 63
14 38
72 13
97 76
87 70
63 1
59 32
79 45
2 100
23 24
80 66
10 56
41 12
20 51
39 64
54 90
19 16
39 40
70 76
27 2
53 85
15 71
49 12
75 24
27 46
37 87
22 84
30 14
38 46
12 73
94 45
84 53
44 41
86 10
27 49
32 5
89 73
97 51
33 71
95 44
78 41
5 78
44 83
46 47
50 51
27 54
64 35
80 71
33 7
57 28
28 92
48 22
11 42
77 48
53 22
55 3
93 30
41 76
53 13
2 43
16 1
91 96
79 1
32 64
44 8
77 91
14 97
90 40
52 57
43 59
60 21
28 53
16 93
26 38
100 23
58 57
50 82
30 27
85 95
25 76
69 25
73 56
5 91
16 79
97 55
5 80
28 36
31 83
92 13
61 77
44 63
65 81
40 80
47 62
73 33
3 58
61 71
9 44
63 42
5 100
77 56
98 62
81 2
74 97
72 51
36 41
81 53
82 77
73 62
95 88
72 58
34 19
56 50
58 10
9 50
66 9
29 20
20 23
88 68
52 88
90 11
48 78
25 16
30 23
29 22
96 85
100 96
22 6
32 10
12 30
2 22
73 52
23 7
83 28
75 13
83 77
29 92
16 78
10 85
50 66
48 75
77 25
70 6
80 56
47 77
2 19
33 100
57 17
89 29
65 72
60 53
80 48
14 27
44 61
81 7
63 96
92 58
26 22
97 63
79 29
7 100
52 24
18 1
1 1
70 86
2 2
53 41
6 32
36 12
98 85
1 87
1 60
31 78
6 7
46 9
79 97
72 43
94 56
68 18
91 65
94 12
20 72
36 72
100 91
51 10
87 4
15 92
3 3
5 45
94 5
49 91
71 62
47 64
89 48
59 98
32 22
39 15
65 56
6 11
76 46
69 80
65 62
50 85
32 18
47 8
98 97
61 48
84 96
29 95
49 41
41 34
4 4
55 11
93 81
62 52
88 52
38 71
97 9
13 40
60 74
11 40
25 64
46 30
6 31
55 30
52 25
11 100
47 72
30 63
85 78
20 36
25 22
70 64
30 99
66 92
84 69
90 85
10 65
42 65
99 45
3 51
84 58
41 70
42 2
34 20
24 23
11 10
14 21
38 100
58 65
53 86
26 52
33 51
84 48
27 79
79 19
33 95
9 38
79 50
95 24
7 38
44 22
90 26
42 23
83 3
91 18
14 65
26 89
3 87
13 64
6 81
58 70
33 34
91 85
12 100
77 4
85 44
44 17
17 89
89 84
17 56
38 86
56 87
50 74
30 98
78 100
15 1
71 44
79 90
31 91
46 64
62 20
82 21
60 96
65 50
88 85
66 49
82 37
14 13
26 66
87 5
38 4
10 74
78 19
18 63
72 20
72 62
64 72
83 10
77 74
78 38
16 24
9 19
10 34
49 69
11 17
81 93
84 45
63 87
77 82
38 35
94 16
97 74
85 48
31 47
87 18
55 21
43 42
75 73
92 98
27 86
10 76
59 90
49 89
48 40
49 42
19 68
19 43
91 42
84 77
42 100
77 13
18 46
48 72
65 85
81 100
63 13
17 26
46 3
90 19
11 32
67 89
40 87
62 51
75 31
20 48
84 15
43 28
63 52
72 49
57 19
97 48
98 4
32 4
80 52
13 78
10 33
72 54
16 64
24 39
49 2
11 54
89 12
91 22
31 15
3 71
22 41
43 47
14 39
13 11
89 23
85 29
96 70
1 92
12 53
75 98
2 23
57 59
67 19
97 7
26 44
3 18
13 44
82 38
19 70
28 68
100 36
13 60
35 13
18 54
64 85
66 28
48 63
30 55
14 2
67 18
10 88
17 72
41 84
80 16
64 4
35 76
88 30
69 22
86 73
84 90
49 87
49 40
32 54
12 96
78 2
70 63
8 100
86 52
32 12
72 30
11 83
16 72
52 19
92 8
79 96
59 68
57 13
78 65
39 56
68 51
55 98
90 54
22 15
1 43
69 51
19 64
50 81
47 67
18 30
43 18
23 97
9 31
27 89
17 27
52 89
63 15
39 34
7 81
43 32
93 33
54 99
8 5
67 3
68 81
84 32
11 95
90 7
25 67
99 2
71 45
27 76
56 66
69 58
62 26
72 78
11 67
71 2
40 76
76 35
26 74
52 69
87 68
61 69
32 93
71 46
29 89
51 3
99 7
13 4
77 47
19 31
88 66
66 31
58 96
32 35
23 67
18 13
5 83
15 91
81 57
32 94
9 5
84 13
86 19
28 96
22 14
75 14
30 2
47 4
62 44
68 82
92 2
12 65
97 10
7 30
59 16
53 16
10 13
56 89
22 19
59 50
58 89
3 55
88 79
52 75
60 2
83 59
12 97
80 1
76 47
23 8
63 81
12 55
85 72
32 86
89 64
12 1
17 33
15 2
46 19
27 59
44 54
92 100
88 2
82 29
36 9
65 80
90 56
18 84
5 5
45 9
78 22
85 81
40 81
84 46
6 37
75 10
32 49
75 85
92 53
48 94
86 14
25 38
22 34
56 40
30 86
70 52
63 31
31 52
38 66
89 92
28 73
57 69
6 71
3 72
29 25
31 50
96 10
92 25
36 82
19 95
27 24
66 8
75 66
23 55
30 21
63 11
1 68
20 66
25 53
40 50
6 6
40 77
97 92
31 45
57 75
71 13
28 99
22 26
49 100
84 88
100 33
45 31
34 71
25 85
79 53
95 10
3 64
51 19
80 83
20 33
79 41
24 99
80 58
20 11
17 38
16 32
4 90
94 59
44 2
6 92
56 45
15 3
48 2
24 51
3 63
60 93
69 79
48 77
61 62
90 42
28 34
6 10
72 39
70 84
100 78
85 79
7 90
28 1
16 75
99 16
9 28
20 31
29 54
99 84
96 4
53 80
74 15
50 28
78 3
65 86
26 23
47 48
27 25
10 28
42 84
6 18
65 5
16 68
90 37
79 63
38 89
93 2
44 37
5 21
100 53
60 59
39 13
68 39
17 45
17 32
76 84
64 65
30 88
84 26
37 2
38 25
36 61
86 30
88 70
84 92
94 69
30 51
35 15
9 73
70 46
36 2
89 67
19 98
93 49
81 29
72 22
99 61
80 68
74 6
76 19
49 97
61 46
5 57
24 3
24 47
52 95
49 83
74 26
89 4
36 22
7 29
93 98
97 72
81 48
75 77
38 63
83 1
54 72
1 73
76 95
29 77
56 64
66 61
64 59
75 65
32 11
45 86
72 29
30 93
47 63
15 31
78 53
39 44
20 3
67 55
37 22
46 77
89 79
2 6
3 22
56 55
8 2
37 42
98 19
46 45
83 88
28 55
21 31
52 13
52 28
33 43
22 38
88 59
96 15
85 92
3 42
13 73
37 97
21 65
67 46
82 92
26 31
98 46
46 98
98 31
51 85
10 64
98 27
92 82
35 57
58 56
76 2
5 14
78 12
77 69
8 86
99 39
84 57
41 32
94 36
94 38
39 12
45 90
18 11
16 13
63 85
46 16
6 1
26 32
65 55
20 28
40 62
32 82
18 53
87 40
77 55
93 66
45 22
13 95
30 94
30 50
22 20
86 90
31 64
8 55
75 46
54 19
7 7
67 86
49 80
87 12
68 100
82 52
63 83
29 64
75 42
10 8
81 50
5 46
100 31
72 88
8 8
9 77
49 19
3 7
32 40
80 96
22 48
6 84
28 77
76 40
59 2
94 34
71 67
89 77
98 58
1 77
97 12
88 49
95 2
82 76
59 79
100 27
94 44
80 46
2 74
95 99
23 79
88 67
50 43
17 54
90 27
56 5
64 16
77 34
23 64
88 38
84 22
75 93
12 91
32 23
19 32
76 79
77 50
97 3
46 29
4 14
14 85
25 99
47 13
22 87
74 72
97 39
11 15
92 38
79 46
14 71
5 12
29 3
47 7
30 3
20 2
38 68
40 85
12 3
16 39
36 14
43 8
63 56
55 7
52 30
78 94
81 23
73 47
83 65
70 74
93 86
55 58
3 88
25 49
30 78
40 53
56 62
87 9
96 12
6 75
95 70
85 87
20 44
98 66
13 34
75 90
79 59
72 4
80 3
36 63
31 80
94 91
90 80
95 35
24 69
53 49
22 37
60 9
9 54
27 21
22 68
20 30
57 81
57 9
32 71
58 30
62 56
22 67
15 47
95 3
62 78
93 69
96 25
24 25
41 15
60 30
82 63
87 30
58 46
67 50
66 17
70 40
49 56
89 11
53 96
66 71
44 27
20 82
76 27
95 89
92 65
32 2
6 89
33 49
2 57
79 99
45 67
36 39
52 44
95 29
25 14
83 72
9 32
73 11
22 24
51 1
29 7
65 60
41 96
7 4
79 91
49 92
98 70
31 11
14 55
88 40
50 94
92 52
91 6
44 79
17 97
100 43
50 78
7 60
71 36
6 39
99 50
34 77
32 21
49 71
38 80
43 34
92 1
40 66
87 61
89 37
37 73
81 40
8 53
43 48
74 2
12 69
14 82
12 94
98 30
34 93
75 72
33 18
87 32
79 30
99 40
91 95
72 99
43 5
74 59
98 42
11 12
5 29
3 54
39 93
66 88
3 92
42 22
43 19
10 75
89 66
85 17
68 1
52 74
40 93
19 76
58 33
39 67
38 73
33 74
50 4
45 77
34 37
53 48
75 100
38 93
63 60
63 39
57 98
61 82
64 39
88 53
54 11
16 33
13 16
53 71
76 14
47 68
98 69
15 50
74 81
92 35
44 35
26 30
54 73
54 3
51 4
19 50
13 23
25 97
7 25
53 75
45 61
4 44
7 44
96 27
46 87
6 3
71 47
1 23
29 57
18 2
1 4
27 36
91 92
19 81
6 82
79 81
13 84
14 36
93 68
31 98
86 46
81 25
9 9
88 80
53 64
41 46
27 93
83 27
79 70
99 48
80 99
28 5
46 11
34 9
35 52
15 56
40 15
10 4
84 95
68 53
42 72
48 49
59 43
28 45
90 17
32 60
66 52
7 94
70 65
52 85
64 30
49 14
10 10
99 53
87 46
53 66
80 49
18 33
46 72
26 98
62 64
76 9
11 11
46 15
42 60
7 80
66 53
29 72
58 43
40 95
77 86
44 64
73 15
100 67
61 98
6 15
38 72
78 32
63 95
4 3
17 25
11 73
1 18
10 58
69 34
61 67
89 55
60 46
28 29
4 92
92 63
31 6
87 35
40 65
54 63
35 91
99 46
43 66
28 94
96 71
79 58
71 94
60 97
86 53
16 74
58 16
62 91
20 95
4 77
56 39
36 20
27 58
48 25
19 82
64 74
27 83
78 87
84 89
56 2
10 42
76 68
71 20
54 58
64 49
62 6
44 81
98 17
6 51
75 56
43 23
48 42
94 63
19 10
7 52
49 39
86 15
93 56
26 6
81 87
2 7
59 26
80 87
86 59
21 51
12 12
76 43
14 99
80 2
65 70
38 51
18 49
39 98
90 100
31 44
22 52
45 32
67 82
89 93
91 23
38 75
89 24
16 6
45 6
50 10
61 91
38 45
26 57
69 92
24 57
16 88
96 9
47 12
18 89
71 61
12 18
33 78
7 99
61 11
39 80
22 21
19 28
62 77
48 34
43 93
33 39
83 2
84 42
80 44
11 6
44 92
95 92
67 79
83 52
73 63
66 64
9 78
31 70
89 26
45 13
90 84
48 58
64 54
19 13
84 87
83 92
64 62
20 24
86 62
78 1
84 93
4 27
12 67
95 18
72 75
26 78
83 58
23 47
7 65
18 44
88 23
35 16
22 94
62 41
90 29
17 18
71 84
14 3
61 15
58 23
22 80
43 84
90 12
9 94
70 10
85 50
67 84
99 12
33 55
26 76
74 38
90 55
54 52
60 11
72 89
84 27
62 70
83 49
68 93
70 21
78 51
70 33
56 46
81 43
88 56
95 74
27 13
38 18
40 46
70 87
74 82
57 50
90 74
86 27
35 59
68 15
25 71
46 31
20 59
41 10
72 2
4 10
57 52
26 16
15 76
76 61
2 5
81 63
3 33
44 3
34 65
15 87
9 63
94 47
69 15
40 33
29 23
42 48
34 10
85 24
17 65
59 28
96 3
61 45
33 73
28 21
60 66
70 32
96 63
25 100
24 44
50 75
27 34
66 73
31 99
12 36
36 23
72 40
90 30
56 14
65 59
3 50
84 10
52 9
58 28
40 88
18 98
23 66
9 13
69 11
87 43
68 90
17 42
100 58
73 8
73 93
28 88
97 57
84 20
56 72
72 41
12 74
35 2
31 13
54 49
68 12
57 48
64 81
52 3
35 58
44 46
49 1
34 35
42 57
3 56
71 75
39 48
73 1
26 37
90 39
87 50
5 2
80 54
84 31
100 54
47 65
66 11
11 31
58 22
69 94
49 18
85 71
54 21
39 89
95 49
27 18
58 24
6 48
41 73
99 23
58 86
27 1
50 20
74 48
100 47
50 48
26 81
2 87
82 32
49 9
32 74
64 87
61 57
58 88
11 46
97 36
32 42
98 13
56 6
24 53
28 100
38 99
48 96
14 11
90 79
18 57
100 20
84 62
80 10
60 85
79 68
13 13
17 3
83 15
56 23
65 7
89 3
57 55
11 21
91 19
66 18
74 37
72 7
64 28
37 48
29 32
58 13
76 89
23 85
28 61
10 17
44 5
66 45
5 99
21 93
53 21
78 85
56 10
30 9
98 49
68 16
3 1
3 69
74 41
49 60
96 21
4 30
28 80
11 39
91 97
30 59
29 26
81 16
51 24
92 61
44 33
52 4
52 21
74 52
47 85
41 39
52 53
52 60
74 18
75 89
66 4
17 93
7 72
100 97
30 83
27 82
2 33
77 98
4 80
74 78
6 70
62 1
45 53
67 31
82 64
68 52
72 60
33 90
89 53
42 40
100 99
92 84
87 51
13 83
62 63
88 78
81 18
71 48
62 37
32 76
15 81
72 80
67 98
64 34
68 95
31 61
9 53
30 13
83 36
56 7
51 69
58 25
45 40
61 28
86 43
88 10
54 56
85 59
8 44
100 66
17 2
33 60
78 33
74 100
38 14
94 70
16 7
51 94
30 8
29 90
74 24
40 70
26 12
99 74
72 69
100 76
67 61
69 39
71 19
10 93
76 41
3 86
96 11
52 64
15 23
66 99
28 24
55 70
94 88
74 96
43 51
7 21
20 61
58 35
21 27
28 35
37 56
37 20
60 24
13 35
11 16
65 45
82 15
83 71
99 97
72 68
57 79
73 4
69 38
86 88
24 72
14 69
2 91
33 46
20 96
93 14
62 40
22 31
17 96
32 95
48 52
9 33
40 44
41 97
74 31
17 39
97 93
71 12
69 20
4 43
50 96
20 5
35 43
27 65
33 99
76 64
29 12
42 75
75 52
75 60
26 47
24 83
92 29
42 15
6 72
28 30
67 7
13 51
19 46
26 25
41 4
59 9
59 65
10 2
48 91
86 96
45 89
14 72
79 36
37 8
77 58
78 67
14 14
92 31
17 51
79 15
99 73
40 74
41 91
22 53
78 81
7 95
75 47
32 63
78 15
84 29
88 73
18 29
12 63
65 22
83 69
84 83
53 20
10 71
98 45
73 71
34 96
75 61
87 11
49 54
35 26
18 37
74 11
53 6
85 42
100 80
79 78
19 15
83 37
97 25
85 34
55 1
70 12
44 93
49 79
99 80
51 73
70 96
85 83
35 51
90 18
6 65
68 78
35 65
99 87
77 85
91 83
2 26
98 3
83 7
73 27
83 61
95 73
95 50
9 80
82 55
5 85
4 45
63 97
22 95
47 66
38 55
39 10
6 53
26 21
38 30
57 85
30 37
19 55
10 7
36 96
46 20
4 35
9 25
76 62
83 68
44 24
11 56
21 9
71 63
57 10
25 3
22 7
27 87
71 22
84 24
22 4
12 50
53 1
99 9
92 26
78 54
82 48
98 94
25 82
61 78
10 83
3 85
36 58
81 56
96 44
81 31
32 65
86 41
37 62
94 71
92 60
75 97
66 76
26 65
25 41
88 51
50 70
44 51
70 2
40 3
79 24
7 36
87 1
25 80
10 89
43 13
17 63
48 43
38 21
73 98
16 17
74 4
78 18
24 64
37 71
83 94
18 99
87 93
64 92
84 73
54 79
14 56
74 8
67 78
40 83
44 40
89 83
65 26
9 10
99 92
79 67
78 69
2 76
57 35
52 72
40 86
18 56
2 11
52 86
65 38
75 69
20 1
39 97
5 97
91 94
84 61
46 93
24 46
100 26
40 1
91 93
36 27
95 86
7 31
64 71
88 99
34 55
51 7
38 78
96 77
71 68
7 27
2 71
59 33
51 6
96 61
74 29
71 91
75 2
29 9
89 45
17 67
100 89
69 64
31 9
88 47
15 15
39 79
55 9
19 35
14 40
70 61
88 55
51 77
43 26
43 41
46 75
24 14
56 21
30 60
48 35
67 57
99 14
44 15
40 68
4 8
54 89
63 14
37 46
9 20
71 7
13 8
19 86
58 44
25 65
11 94
73 78
55 75
29 10
38 17
56 47
11 24
23 13
20 39
73 59
71 42
7 13
57 42
14 1
47 74
37 100
76 54
7 66
6 2
98 7
73 3
40 31
18 79
53 46
82 70
37 34
8 4
23 5
6 59
54 41
74 45
26 93
22 43
11 81
63 89
75 40
97 54
94 22
100 51
20 52
11 43
85 63
87 69
76 91
4 38
87 53
54 97
17 83
41 80
41 38
77 10
51 57
35 72
56 19
20 41
47 18
18 15
83 60
86 85
84 3
88 100
35 9
59 49
57 63
7 93
58 92
86 95
75 29
30 52
74 51
75 54
51 40
32 14
40 67
16 14
62 39
94 11
16 42
39 27
64 53
83 62
45 60
18 67
98 65
29 79
42 85
65 42
80 17
93 44
77 8
70 7
24 90
89 65
93 76
15 75
81 3
67 2
66 68
28 95
12 6
97 41
1 83
19 9
43 97
43 20
82 54
82 1
60 99
52 55
42 93
38 44
1 13
39 87
50 56
79 88
33 87
65 75
36 75
64 73
14 61
46 92
64 91
41 36
29 88
48 80
92 62
74 3
32 13
95 28
6 41
35 1
46 34
61 29
69 73
6 80
80 60
20 67
75 16
25 5
11 34
65 30
10 51
29 19
1 45
87 6
37 32
28 3
45 51
53 88
40 21
18 86
49 33
69 99
95 23
91 48
6 79
24 73
56 15
57 30
3 84
65 87
47 35
78 68
45 48
11 3
80 63
67 60
69 85
98 18
34 45
77 70
79 10
63 22
20 45
24 74
16 16
88 27
69 14
86 94
69 26
100 10
94 51
29 45
41 1
97 38
51 47
29 39
47 1
90 1
45 36
93 100
82 12
41 92
17 17
100 87
18 18
47 25
35 75
76 32
54 65
65 20
55 5
31 68
86 2
23 98
65 34
60 31
58 34
86 26
35 27
82 46
81 99
9 67
77 73
2 37
65 47
4 93
5 34
55 23
9 69
14 74
39 45
10 18
70 31
8 82
63 12
43 86
70 97
12 25
40 13
58 72
76 81
16 30
75 49
91 56
90 3
57 73
2 28
14 41
32 92
23 56
60 6
12 48
44 45
53 11
75 39
30 95
76 96
68 89
8 51
84 70
68 30
62 21
13 94
77 100
17 52
66 14
62 24
73 74
72 28
19 3
84 75
45 70
95 98
83 25
19 19
1 38
58 78
66 39
20 20
40 6
70 59
55 10
100 77
38 1
26 83
26 80
63 27
14 73
68 46
84 35
33 12
96 28
69 16
95 97
66 13
76 37
1 31
5 59
87 71
73 17
10 77
31 92
77 80
85 2
6 86
76 11
54 80
58 61
99 41
39 55
45 73
31 42
31 43
60 51
60 20
73 99
42 89
75 57
16 50
95 26
58 39
68 13
16 45
65 69
67 69
72 3
41 56
18 95
51 35
6 43
95 17
80 57
1 33
37 74
90 41
80 13
47 32
8 72
6 45
36 91
47 56
62 89
95 13
53 70
60 64
71 15
88 58
31 1
54 59
79 16
81 64
47 37
40 52
96 86
34 72
64 3
60 4
19 94
97 40
75 45
23 90
83 66
92 79
41 69
91 58
9 46
96 34
48 17
53 57
12 80
65 25
73 64
91 32
86 87
36 98
3 49
71 73
55 79
80 23
72 81
8 48
59 94
54 34
83 79
13 25
67 22
53 5
62 42
2 16
4 51
35 93
85 20
36 49
72 11
47 15
93 71
11 5
99 15
54 38
80 79
60 1
92 36
60 25
39 54
92 49
13 69
69 56
7 16
64 75
84 74
52 99
61 64
18 17
21 44
65 17
56 43
68 97
27 85
58 41
37 24
46 73
86 58
68 48
14 47
89 16
63 41
23 74
74 47
9 91
77 46
22 5
36 68
21 21
86 47
46 83
21 22
64 46
90 64
62 18
49 30
69 100
23 42
28 20
34 95
25 72
58 99
72 12
36 84
1 36
9 66
72 97
82 83
71 89
39 49
46 96
96 6
91 60
94 79
91 41
93 97
50 41
79 21
1 25
8 24
27 17
10 50
93 17
1 22
20 42
86 22
100 7
52 1
38 41
29 49
61 59
95 100
72 1
46 23
72 91
38 85
52 67
95 41
1 82
84 72
69 49
41 98
76 59
20 73
11 38
3 24
93 6
72 64
88 69
88 81
68 41
35 56
98 12
23 12
71 57
75 58
1 74
73 88
31 88
58 80
49 4
56 37
75 99
5 13
17 4
32 43
96 98
41 62
1 61
35 97
51 42
54 98
8 20
60 43
57 41
29 81
22 45
44 55
69 97
13 3
34 57
52 78
63 17
37 3
30 79
27 29
49 45
100 71
89 25
45 52
69 6
60 94
37 76
25 68
53 34
50 12
67 88
38 40
52 93
45 59
65 66
67 100
100 74
74 34
79 69
28 10
60 17
4 86
79 85
19 38
1 26
68 44
93 91
97 71
71 93
96 46
5 22
82 90
22 62
79 34
35 46
49 55
69 75
62 57
73 20
63 70
21 69
51 12
56 49
9 16
31 69
88 25
35 95
45 91
17 23
9 74
77 28
67 80
94 90
14 57
11 59
24 82
2 51
19 61
88 62
9 47
22 22
45 38
29 35
33 21
74 33
10 23
73 58
2 95
59 60
53 82
93 80
52 73
84 85
58 14
35 66
11 70
29 96
66 65
38 64
92 15
79 42
93 84
36 13
84 30
24 38
74 91
16 99
86 91
59 57
10 31
62 31
56 59
9 64
3 100
24 50
70 62
7 76
64 55
59 83
66 25
65 74
32 29
71 28
49 50
71 40
50 53
83 9
100 50
50 86
30 67
32 38
29 74
99 93
99 21
10 90
96 84
65 19
76 83
96 69
89 6
97 15
16 4
36 100
77 68
82 42
2 42
82 81
40 36
10 67
45 12
90 49
61 44
67 20
39 41
67 43
93 87
15 20
68 34
97 34
81 72
23 23
2 31
98 2
12 92
100 24
30 64
24 92
45 30
36 97
13 19
91 52
34 16
26 10
66 77
10 30
28 91
35 17
10 79
65 31
6 16
2 73
2 58
79 56
21 60
15 28
82 53
26 62
9 99
31 7
27 31
33 56
3 70
44 23
98 14
96 30
74 98
19 12
94 98
1 76
87 39
45 72
10 46
63 59
60 50
94 14
71 18
76 44
26 46
3 75
95 96
57 36
15 37
11 89
86 18
13 9
42 67
23 81
98 33
35 86
57 83
16 71
36 8
88 11
92 19
42 28
28 8
10 49
42 16
66 27
7 87
81 38
21 5
42 94
17 64
41 13
32 59
79 3
96 37
6 8
60 90
59 99
41 21
71 34
76 57
23 72
83 96
1 78
21 64
15 83
86 63
87 13
95 91
98 81
46 17
32 52
93 8
30 48
71 31
83 87
96 23
57 70
41 83
38 67
91 43
24 100
5 4
9 39
47 94
64 56
39 7
11 18
67 96
90 91
57 91
54 45
87 77
9 68
42 24
89 69
85 7
81 84
77 45
22 100
58 63
43 2
24 40
71 99
6 17
56 70
42 90
96 57
20 27
75 74
96 18
87 92
32 79
46 71
6 61
31 96
26 49
24 27
22 59
29 43
53 87
38 61
3 52
27 78
31 58
87 98
50 21
38 36
2 59
54 82
94 60
67 99
66 63
20 7
74 23
86 1
28 57
27 16
49 76
12 21
52 87
91 7
81 54
48 66
2 94
86 98
89 68
3 36
71 96
86 34
62 30
20 71
19 26
69 91
17 20
72 9
2 39
27 71
23 33
34 83
21 82
16 85
5 71
50 2
18 39
22 29
96 75
47 24
64 83
47 22
53 63
68 35
39 68
79 84
5 64
34 7
98 100
2 35
56 94
77 41
87 91
72 59
21 19
73 39
51 48
14 51
8 78
57 65
11 52
83 70
73 23
80 18
73 35
22 39
42 49
7 17
89 33
48 86
31 22
6 29
40 38
97 100
80 43
93 52
49 16
24 24
50 77
71 72
5 49
8 17
73 12
21 7
58 12
7 40
4 1
96 39
47 6
15 10
10 9
6 96
28 49
35 7
49 67
6 46
62 36
48 59
83 82
76 58
22 57
42 7
63 33
4 69
39 76
77 3
92 41
59 87
16 84
64 5
13 92
62 92
43 69
12 71
40 61
100 84
85 18
20 58
55 42
40 45
40 27
10 26
66 87
33 61
11 20
5 3
19 69
42 50
6 24
66 2
17 8
14 9
61 92
7 97
71 79
11 57
95 31
78 45
12 79
21 100
11 23
71 9
94 73
8 39
31 25
50 55
80 36
15 27
32 9
23 34
42 86
100 86
96 73
55 99
81 10
100 29
67 70
59 82
59 15
69 12
94 9
33 20
88 93
19 58
3 67
70 35
11 14
84 54
2 38
46 81
17 79
60 73
44 58
46 6
24 34
25 25
60 84
26 26
83 91
84 71
48 84
92 16
90 63
57 40
77 57
96 93
82 39
78 5
74 60
79 8
22 81
21 56
42 31
7 61
9 89
82 14
35 67
30 97
100 56
96 20
71 49
3 39
46 44
36 35
74 49
53 74
31 19
1 86
55 41
3 2
76 42
50 79
70 34
48 38
30 15
97 5
47 20
90 48
38 52
63 58
26 45
62 86
86 54
98 99
16 97
35 99
18 20
14 31
32 88
60 12
35 20
36 94
21 78
43 100
95 67
70 4
55 69
18 8
37 18
14 42
51 23
76 10
64 82
4 89
89 34
67 17
70 80
63 23
7 49
36 99
87 74
35 61
57 54
25 77
85 82
75 80
29 40
15 77
3 68
20 35
86 66
58 8
61 9
56 54
1 32
88 92
9 58
79 9
76 17
69 5
37 80
13 6
21 33
36 10
21 88
34 98
89 17
33 25
33 72
82 79
54 25
60 80
39 28
27 90
72 6
5 65
81 32
34 52
43 3
78 50
17 6
11 84
89 58
9 86
81 96
17 24
9 71
74 39
93 26
24 20
77 14
57 60
96 2
61 42
16 70
78 56
24 94
55 38
75 28
73 57
75 9
59 95
15 93
98 87
10 97
58 18
81 34
96 47
26 20
16 47
17 14
48 69
90 53
52 46
78 82
51 86
57 99
46 38
12 72
53 15
90 46
90 82
19 22
37 51
7 19
96 78
69 4
74 88
56 51
2 50
38 77
82 99
73 44
43 55
55 63
94 33
9 26
17 98
30 35
98 60
12 62
60 7
43 74
88 98
57 84
21 34
43 90
96 79
45 66
45 80
71 65
77 39
89 72
48 39
37 6
27 99
7 11
60 3
6 25
73 83
23 92
2 88
23 94
14 44
2 53
95 43
92 99
100 3
17 37
83 30
44 34
38 60
79 52
94 77
50 16
50 80
79 95
27 27
73 77
14 100
53 91
8 64
15 61
58 73
100 6
41 31
93 27
19 100
57 44
25 88
38 43
22 70
84 97
48 37
57 34
43 77
11 35
56 44
56 58
59 23
10 73
61 39
50 59
53 37
15 69
88 33
25 26
2 52
36 42
94 93
64 58
58 59
23 45
47 11
66 12
93 72
23 36
39 9
12 11
45 3
49 85
81 13
73 2
43 89
35 44
6 78
100 79
62 72
90 52
12 82
41 8
89 40
68 69
91 49
64 6
73 91
18 94
77 19
39 86
41 28
95 94
98 83
96 50
87 22
93 9
72 10
5 27
1 59
45 37
33 70
54 4
34 69
42 6
21 55
7 48
33 48
15 8
96 95
16 63
76 25
33 9
21 84
73 92
74 16
55 19
43 50
93 3
25 62
63 82
67 63
45 35
28 28
90 2
99 38
74 19
74 1
3 60
52 11
60 57
45 83
29 83
14 43
37 68
71 56
55 36
58 36
99 82
50 92
6 33
65 44
79 25
94 80
87 36
99 78
33 69
57 82
60 88
99 65
18 25
49 82
70 69
66 90
36 92
41 85
5 26
98 8
9 59
29 29
94 4
89 31
92 21
75 3
76 7
31 2
77 40
5 72
3 17
21 62
59 58
21 50
88 63
77 27
100 5
23 43
6 54
16 3
16 10
57 67
73 65
30 66
21 4
40 17
69 87
3 13
45 98
41 14
39 23
61 24
26 69
94 86
88 36
93 58
85 16
1 96
43 36
42 51
7 43
57 3
82 47
97 26
28 85
98 35
25 86
98 95
70 44
81 91
93 15
44 68
57 86
67 9
89 94
55 53
56 52
3 53
8 52
96 82
95 37
49 84
11 87
21 91
25 51
35 94
63 37
67 77
86 60
24 54
24 28
74 94
39 20
6 14
57 68
22 56
45 4
99 29
77 31
96 81
59 10
33 40
95 11
23 26
100 11
15 46
41 89
11 47
65 93
17 16
14 30
50 33
62 12
18 58
97 16
74 30
53 43
20 18
46 68
13 99
34 50
99 22
38 12
14 79
37 28
78 43
78 49
90 81
82 73
24 22
88 32
61 47
78 39
89 63
60 16
36 37
92 66
30 47
96 17
11 13
57 89
93 28
79 26
78 34
29 61
98 38
55 91
26 13
37 31
72 21
37 86
60 33
84 63
95 5
39 72
59 81
71 90
71 6
34 18
83 64
78 77
41 23
51 76
22 12
84 9
40 10
46 56
56 81
86 38
14 25
52 49
89 27
93 61
23 46
97 4
67 13
37 35
71 23
54 35
20 62
16 35
54 61
31 55
13 15
1 80
41 63
23 6
86 39
28 56
100 48
95 34
78 88
14 60
44 70
15 18
71 5
86 80
66 23
22 86
71 24
1 15
29 93
70 36
60 49
59 72
88 72
87 48
18 71
42 45
69 47
80 91
55 85
54 71
84 91
8 27
66 60
61 12
91 15
76 63
89 35
92 4
33 58
37 83
30 62
86 76
33 36
100 88
87 29
47 84
30 77
89 90
85 14
19 54
43 67
29 67
71 27
69 78
34 48
84 14
4 82
55 14
37 60
5 6
14 90
100 49
51 49
51 79
78 74
51 41
4 85
17 77
51 80
51 9
99 91
35 81
50 35
5 61
68 65
91 98
32 31
62 74
96 22
80 33
32 58
81 46
78 55
7 70
6 36
9 90
32 15
13 97
17 69
9 23
65 6
23 21
63 92
29 48
6 62
31 85
39 94
37 30
7 15
26 19
95 46
84 33
96 91
7 6
23 28
51 29
58 85
98 40
88 60
75 36
38 13
13 90
31 59
47 97
85 65
84 99
78 75
56 84
16 73
92 77
72 71
96 43
19 23
3 81
97 14
19 74
98 71
90 45
10 1
88 12
95 69
96 49
21 3
84 80
60 10
24 12
52 38
60 44
95 79
30 71
40 90
59 31
94 40
75 25
27 43
86 42
36 4
1 5
78 64
29 91
38 88
2 17
88 4
91 71
30 30
8 6
85 76
73 30
23 1
15 35
84 56
85 97
72 48
60 69
62 54
43 35
68 66
22 72
66 83
49 70
15 43
7 22
88 5
6 99
61 40
26 58
76 93
88 77
34 60
81 76
93 82
71 77
54 86
59 11
33 67
53 77
94 6
11 97
1 30
16 21
34 78
70 17
21 96
14 83
3 21
32 77
15 78
51 75
9 52
95 52
44 98
87 56
89 49
39 75
94 50
40 11
91 50
24 98
97 30
89 74
9 4
14 81
88 97
46 97
52 71
51 15
31 66
70 54
69 95
21 37
79 54
80 70
33 26
93 62
25 96
74 22
27 45
11 19
48 51
23 99
54 28
72 34
98 59
18 28
93 92
87 82
36 83
30 17
61 1
63 7
85 100
27 47
87 19
9 57
70 60
65 91
31 53
13 72
55 64
52 65
98 54
37 10
83 85
17 47
55 8
48 70
43 9
49 63
95 1
53 44
27 72
79 92
64 66
41 78
57 15
69 98
48 93
54 88
45 58
56 22
44 4
32 16
9 18
95 30
31 31
22 55
98 22
100 65
89 51
8 94
4 20
3 15
2 89
60 72
26 73
18 62
42 44
73 16
99 8
26 82
73 13
16 87
74 7
1 84
97 87
27 15
80 11
8 14
75 35
35 11
47 78
75 62
66 85
44 16
94 18
3 91
97 37
21 85
35 25
82 25
92 81
54 14
21 58
4 40
90 10
17 40
7 53
22 75
51 34
72 36
21 20
83 38
32 32
42 17
13 24
23 70
89 57
49 98
38 81
70 51
72 46
22 23
89 59
24 35
92 96
84 19
73 76
8 33
48 44
89 41
9 56
12 37
47 29
67 1
91 45
13 21
87 63
69 53
24 97
22 32
29 68
2 80
92 68
6 38
50 11
57 77
57 71
27 22
45 2
52 23
7 67
4 11
82 78
5 43
34 89
72 76
81 71
48 19
28 39
72 90
97 22
77 22
78 66
59 77
69 54
76 92
89 36
40 14
69 28
44 89
83 89
57 95
23 22
59 56
97 6
31 29
79 94
39 90
87 27
17 66
45 19
82 19
43 27
46 13
91 86
13 5
19 75
60 14
88 35
72 44
2 32
76 6
38 56
80 86
6 27
36 85
7 63
38 19
42 97
51 37
44 99
54 23
93 16
63 32
7 91
100 63
53 51
25 12
46 4
44 88
83 100
56 1
86 82
5 20
30 54
88 44
21 24
72 57
3 4
72 92
95 9
20 68
54 12
80 40
95 32
20 26
92 30
5 31
40 25
100 21
2 1
86 17
51 67
61 79
33 4
14 4
74 66
53 47
67 72
87 33
65 28
51 18
29 38
48 13
34 27
20 8
72 66
80 19
81 37
34 36
78 36
18 59
10 24
70 81
13 48
81 85
22 93
97 98
69 7
45 64
49 43
12 51
39 53
10 29
88 96
47 44
59 91
19 51
26 99
17 1
42 87
97 21
19 85
5 69
15 44
93 67
62 80
54 60
35 31
88 26
22 13
42 71
62 16
8 92
98 26
18 38
92 47
84 44
16 86
66 69
37 9
41 57
53 61
26 61
1 93
18 76
90 58
61 16
50 73
15 59
4 99
8 31
48 98
89 42
25 79
97 80
46 91
74 99
87 79
10 44
3 66
77 6
92 90
17 91
21 59
12 43
69 19
77 89
42 96
4 13
40 42
67 24
22 2
19 79
95 83
32 96
30 81
62 43
87 24
88 95
11 92
74 71
87 55
76 4
41 60
89 56
65 57
68 28
92 59
38 42
66 94
24 9
10 20
10 95
40 97
82 51
98 41
19 24
98 56
89 88
96 74
67 27
54 66
52 26
58 100
4 55
6 44
21 18
33 33
76 39
82 72
67 47
24 2
27 56
30 69
23 54
1 98
47 21
81 82
31 81
13 62
71 54
23 75
26 3
16 57
19 87
100 17
67 53
11 44
18 36
92 86
75 27
15 55
25 10
62 45
7 96
38 26
20 77
34 25
69 59
65 76
36 51
34 34
25 48
25 32
69 65
35 100
73 75
54 1
35 64
26 67
10 99
38 83
59 63
35 3
12 87
65 77
2 45
9 82
85 41
94 13
58 31
84 81
6 22
88 83
54 17
56 74
32 1
64 94
71 35
98 93
68 54
19 91
78 29
49 57
62 9
22 99
23 50
57 80
41 68
81 14
22 89
90 43
57 100
49 96
68 43
23 57
95 60
47 38
42 74
5 67
8 35
27 4
35 23
58 60
23 89
62 47
17 30
61 22
20 69
9 81
55 87
2 25
28 46
96 52
32 55
7 10
47 26
19 65
56 26
41 22
90 62
97 2
57 22
8 88
22 88
91 30
48 90
21 79
5 70
48 60
52 62
21 63
34 100
57 53
98 76
100 57
34 24
72 77
98 92
98 24
47 30
67 40
90 51
51 11
66 21
88 64
39 33
2 96
45 69
28 23
21 26
64 36
47 45
67 51
62 76
37 21
28 32
16 92
10 69
89 87
4 74
85 26
7 78
47 9
65 15
60 27
46 58
88 18
45 23
57 4
37 12
56 29
90 97
75 70
11 90
13 98
30 89
22 74
40 75
66 22
81 28
51 63
22 51
27 66
78 89
54 43
43 44
3 80
84 98
43 46
80 51
42 12
81 97
80 75
100 34
53 19
37 94
10 25
64 24
26 9
69 67
15 26
25 56
71 25
4 29
5 53
36 73
21 17
68 8
12 83
13 74
17 36
34 67
26 50
53 30
7 74
78 93
13 88
4 12
43 80
50 52
84 11
76 26
13 45
93 95
50 42
1 34
8 21
97 47
77 12
83 22
21 80
50 60
14 86
84 16
40 60
39 6
13 31
86 45
3 6
78 61
55 27
50 61
68 75
48 29
67 81
63 53
100 45
28 54
31 49
58 71
70 8
90 50
54 30
21 25
35 24
74 50
35 35
46 59
32 80
84 59
56 9
6 30
9 14
89 50
84 28
42 46
43 72
49 20
51 81
47 14
27 88
13 80
98 57
57 27
27 53
71 64
71 81
48 83
36 36
19 73
40 79
89 81
39 100
44 57
76 74
52 41
61 10
5 82
38 9
98 68
82 69
6 52
52 79
80 31
35 4
79 65
20 14
35 14
26 68
63 76
99 66
49 68
41 35
55 84
43 33
10 22
72 35
54 13
37 37
70 25
8 73
34 58
71 51
29 14
84 65
39 66
58 53
78 13
99 76
32 41
36 24
76 90
30 24
35 62
37 67
2 18
22 90
42 9
61 80
34 17
81 24
96 56
25 47
95 12
38 38
29 46
5 38
69 70
25 52
29 36
32 37
17 15
50 39
42 13
46 22
63 73
40 51
97 20
60 48
37 84
92 95
30 42
38 96
56 88
48 95
81 4
65 46
76 55
1 55
18 10
2 40
82 6
30 7
20 55
74 36
32 84
73 48
37 59
48 20
76 31
39 39
48 61
38 57
44 32
56 41
70 3
15 72
79 17
48 97
16 46
69 82
4 57
51 44
86 9
39 78
62 68
56 83
95 47
61 74
34 53
61 32
91 81
91 39
93 83
32 85
57 90
88 29
66 38
63 46
98 74
46 88
16 56
82 85
8 98
93 12
56 76
3 62
37 88
28 41
45 25
57 2
13 27
77 54
1 10
22 35
63 35
96 14
13 63
68 20
87 20
75 5
44 28
28 75
14 59
90 9
100 35
14 84
35 47
87 23
78 6
49 77
18 26
77 81
65 83
40 40
23 16
53 56
59 4
77 90
96 60
94 83
91 37
41 41
56 18
47 99
15 67
4 26
73 19
10 15
48 14
12 93
52 35
74 65
38 16
43 31
55 56
58 9
14 49
33 19
81 83
34 80
11 65
54 18
71 70
62 4
82 60
61 56
73 46
80 20
68 4
33 85
88 54
27 48
73 49
25 57
46 55
62 60
68 55
30 19
90 78
12 33
64 52
49 47
92 64
15 73
58 17
26 92
27 100
52 82
59 45
54 2
31 95
91 87
80 35
7 82
31 4
82 24
61 23
73 32
6 69
1 97
77 88
3 78
78 84
30 1
75 23
93 29
57 87
60 19
6 85
90 38
23 48
20 70
16 80
1 16
52 94
40 100
49 11
10 43
36 87
84 4
50 23
7 5
51 65
13 52
44 38
54 96
23 19
75 81
69 55
58 32
88 24
76 75
62 85
71 43
64 33
42 42
47 42
73 45
53 27
15 36
42 83
74 75
63 99
42 3
60 40
69 10
81 36
34 99
93 35
85 19
53 32
2 72
85 54
12 57
63 74
89 13
55 33
31 79
42 56
54 40
76 28
7 69
59 1
55 66
56 16
45 100
21 11
85 96
63 62
91 9
31 35
17 58
8 95
82 22
14 26
36 34
37 72
79 66
92 42
44 95
3 30
97 85
29 2
44 12
2 56
41 3
84 47
14 76
96 80
24 15
19 67
24 36
94 61
51 68
18 21
46 90
14 23
56 82
60 77
35 71
67 59
8 29
24 17
32 57
25 11
28 74
66 46
29 21
95 7
7 34
66 6
6 87
44 10
69 21
1 12
82 49
86 11
15 51
58 51
98 23
92 17
4 33
42 41
38 84
16 49
59 70
91 13
35 48
12 20
42 32
50 47
48 64
63 44
32 56
49 29
67 23
64 10
14 93
15 62
62 75
75 34
54 92
26 84
36 56
64 86
59 7
42 39
55 89
99 69
60 79
46 76
43 95
42 73
98 78
94 53
33 45
11 71
88 7
49 32
45 17
91 84
21 23
40 96
14 35
10 81
46 74
25 83
24 4
15 42
2 21
73 36
24 29
61 99
81 68
24 11
22 54
77 2
78 90
38 39
30 34
33 92
19 71
96 99
46 12
1 79
15 9
29 47
1 19
61 89
24 79
70 100
47 98
56 93
99 63
2 90
3 44
11 9
70 42
55 83
13 7
93 24
20 16
19 41
82 28
82 43
73 66
76 5
34 11
70 56
69 1
3 93
92 46
44 52
18 27
52 12
60 91
91 61
58 55
15 97
94 19
56 98
89 9
50 25
50 27
43 76
4 91
42 27
70 27
78 47
100 37
74 25
39 18
16 55
70 13
93 89
45 94
91 90
68 49
77 62
45 16
57 88
62 3
52 54
84 5
10 11
30 29
31 5
31 32
96 72
46 84
44 59
8 38
74 76
96 55
28 67
64 78
17 70
46 61
83 73
68 88
10 48
73 84
66 57
41 27
55 50
68 9
29 30
24 95
19 42
1 28
60 22
64 40
7 8
48 31
15 64
14 64
16 25
90 98
40 63
95 78
5 30
67 30
43 54
55 24
1 46
79 55
45 1
58 3
6 63
9 29
31 65
98 88
22 60
68 19
80 30
10 27
78 72
20 21
34 66
11 80
3 35
21 12
83 75
43 43
12 32
6 21
56 60
56 12
1 7
49 73
28 70
71 52
43 98
80 100
63 68
90 35
57 32
8 25
16 98
30 61
17 35
27 67
81 61
86 13
100 16
99 58
81 39
7 98
33 68
29 100
76 51
87 85
9 85
48 68
99 83
2 66
1 72
70 82
44 62
45 79
65 51
95 33
56 97
94 39
82 10
69 36
98 1
11 7
100 38
64 31
95 42
33 16
77 87
51 28
20 84
91 88
44 25
63 24
72 67
69 77
9 75
72 61
89 99
50 17
13 30
60 95
74 63
42 30
31 28
79 57
57 12
78 48
29 1
90 75
100 15
54 31
17 74
36 33
75 78
86 36
34 91
90 92
12 47
19 53
54 77
81 1
51 91
83 19
88 87
94 81
45 92
44 44
82 13
5 94
27 42
97 79
67 85
23 58
86 8
64 98
32 33
2 86
4 18
5 10
4 73
48 81
8 57
83 18
9 55
56 20
50 6
77 96
71 32
2 55
33 27
48 100
34 15
42 38
38 11
51 20
84 41
79 47
55 61
85 11
73 70
4 65
47 96
77 59
15 63
43 64
7 83
55 28
21 36
78 4
94 17
16 62
96 32
62 67
45 65
34 85
10 59
26 56
37 25
11 45
61 17
96 51
17 85
74 54
22 73
17 50
9 35
43 14
55 73
9 62
61 37
37 75
62 79
90 60
46 2
45 45
5 90
33 42
37 27
63 10
13 26
94 68
17 90
38 8
13 58
10 16
66 95
20 34
65 71
55 32
96 97
57 51
82 100
29 59
5 8
99 72
51 30
24 33
97 8
76 18
62 65
12 4
29 66
70 92
97 86
49 22
33 44
44 91
1 39
19 99
78 20
45 74
56 31
60 98
75 59
37 44
44 84
93 18
87 21
41 16
3 77
81 66
13 49
87 42
16 40
56 33
100 9
73 14
52 81
37 11
78 16
51 83
32 7
35 74
76 78
41 54
49 26
8 85
42 99
45 99
75 7
99 95
5 96
67 44
86 16
100 64
57 24
12 29
70 29
58 81
44 97
14 20
41 47
40 20
36 67
16 18
25 39
33 93
33 50
42 52
11 50
34 63
31 18
67 52
34 64
33 29
66 29
71 3
74 13
37 77
11 28
33 77
37 79
36 90
53 9
65 49
28 12
16 34
29 50
98 73
11 98
84 23
4 31
76 56
99 49
74 27
74 5
80 50
81 80
32 53
40 92
52 56
8 30
33 63
23 40
41 65
65 9
62 11
89 70
30 68
25 90
6 23
27 28
15 99
82 62
90 71
25 63
48 76
76 67
7 62
46 69
5 76
1 24
88 91
46 36
55 74
8 15
78 57
92 33
82 3
1 69
42 19
51 17
15 25
41 40
11 96
30 36
58 82
99 5
63 26
15 70
45 62
57 62
78 40
97 60
48 79
14 32
47 3
19 77
96 100
100 72
29 84
39 57
91 54
82 40
89 62
23 68
97 70
65 13
53 33
43 45
90 68
40 43
64 63
47 23
45 20
77 66
50 95
66 26
73 69
45 84
15 5
34 79
46 46
21 14
42 14
34 3
78 63
18 85
86 24
50 89
79 75
13 20
36 47
79 100
77 75
24 71
14 22
34 5
41 26
85 66
46 27
59 30
46 62
15 86
32 8
26 29
80 29
2 24
19 20
7 59
6 13
39 4
22 25
8 12
6 64
77 92
16 100
55 88
98 29
21 67
39 69
75 17
29 34
86 25
31 76
8 75
24 77
89 47
47 27
96 33
47 47
80 45
22 9
11 29
72 26
22 83
83 55
38 59
60 32
15 48
39 85
43 62
57 76
97 56
29 70
94 42
91 63
56 8
93 77
46 82
63 79
51 71
13 79
13 96
55 47
27 98
43 53
54 50
3 20
12 95
72 73
14 54
93 7
48 8
24 66
11 77
65 29
39 83
68 26
50 63
86 72
98 37
53 68
32 24
49 52
62 49
7 57
31 67
49 23
87 89
68 17
60 81
31 38
40 26
28 81
27 5
12 8
37 82
14 52
8 36
48 27
72 15
35 8
41 87
61 87
13 18
53 93
27 68
92 9
26 17
17 71
45 18
67 91
92 39
7 41
32 46
14 15
1 14
100 1
70 16
93 22
25 81
48 4
3 5
35 29
17 46
27 39
27 11
13 36
67 6
76 71
28 83
77 71
88 50
13 17
71 50
41 67
93 73
94 62
46 5
16 31
21 6
26 63
27 73
49 99
29 27
85 91
36 74
53 89
83 12
56 71
64 42
1 70
77 15
42 69
58 69
72 95
55 77
75 92
39 25
23 82
99 90
24 7
15 100
59 48
92 43
7 35
13 61
2 46
47 95
61 20
24 13
22 1
24 16
35 54
5 35
67 33
85 51
42 33
76 22
16 61
85 52
58 50
39 91
26 96
96 54
52 17
8 45
37 54
76 77
62 66
6 98
25 34
59 21
66 58
6 28
11 48
52 92
84 94
36 1
49 59
11 51
92 56
73 25
27 30
57 49
64 26
21 70
46 51
66 84
70 28
51 74
67 66
79 31
97 89
40 56
8 76
91 12
6 42
83 43
8 10
69 30
59 39
87 67
48 48
81 21
42 37
72 45
18 77
28 66
47 87
91 77
32 89
2 70
88 75
86 68
91 17
7 50
29 65
22 78
80 32
45 63
94 96
18 31
49 66
68 33
71 76
4 70
94 10
97 94
15 54
38 37
52 80
45 33
20 63
90 34
9 87
51 61
4 62
26 64
93 85
92 48
97 96
12 58
44 74
58 37
23 27
75 91
44 75
72 24
2 64
29 56
65 21
18 24
83 39
25 69
49 49
45 55
59 40
65 54
47 100
81 19
97 84
76 65
84 6
70 37
28 87
63 45
52 36
55 2
78 7
56 11
53 58
99 60
88 46
4 100
72 98
71 53
26 11
36 81
58 20
50 76
97 82
69 44
83 95
76 49
47 80
61 18
13 68
19 44
13 57
32 72
26 39
59 88
12 16
90 5
72 38
87 2
47 71
17 53
16 9
38 31
13 100
34 88
78 80
30 72
63 6
63 84
89 5
87 96
32 90
96 65
34 31
56 48
16 95
65 73
91 36
50 57
59 20
66 44
82 74
92 18
51 2
71 92
76 97
30 33
75 8
43 37
85 74
78 21
85 37
23 62
82 9
66 91
65 95
12 98
74 40
37 19
53 35
62 61
77 1
15 7
51 45
38 49
78 62
40 18
28 6
80 26
54 26
4 66
27 96
35 82
14 77
43 21
95 39
86 78
33 96
29 17
59 35
60 52
36 93
61 14
96 53
32 28
85 25
7 39
15 16
77 83
47 59
52 68
43 30
12 88
18 19
77 29
86 100
81 44
64 14
93 46
44 80
20 81
61 73
99 62
84 38
30 91
13 59
74 10
40 23
65 84
68 71
2 47
92 97
74 20
29 78
27 41
92 7
16 44
72 17
38 50
50 50
20 37
61 8
77 42
63 75
53 12
48 87
99 34
56 63
14 29
20 78
32 51
63 34
84 34
40 47
26 72
59 51
36 16
46 67
12 14
70 71
5 66
83 33
16 11
99 71
9 30
64 70
60 34
41 25
17 7
28 64
41 94
26 27
41 19
39 62
47 92
61 27
3 46
45 87
45 5
62 17
34 97
59 6
55 62
55 44
48 30
28 26
39 46
40 39
38 20
72 100
50 62
59 64
51 31
27 7
22 18
86 55
58 52
50 44
26 8
82 88
91 75
58 93
2 79
94 54
15 98
66 40
56 75
51 51
92 12
81 35
78 73
35 30
7 26
68 42
54 5
25 9
46 18
58 15
61 19
14 6
42 88
18 55
77 7
62 69
83 16
79 83
30 18
39 29
20 29
40 91
28 47
77 53
71 69
38 27
4 24
63 88
14 8
9 97
21 47
1 88
30 10
67 74
73 51
39 42
67 41
99 44
60 56
30 20
46 24
77 21
67 48
85 27
95 45
93 11
37 45
5 51
22 17
74 42
10 68
33 97
3 83
55 95
80 27
44 30
78 58
57 78
53 36
8 65
63 98
55 45
40 19
37 14
32 100
30 96
36 38
7 68
22 40
96 19
10 14
15 84
95 48
100 60
47 51
5 9
54 29
40 4
84 7
32 50
17 59
4 53
50 38
54 87
96 66
24 30
44 72
6 49
16 19
15 22
71 16
27 61
90 65
53 29
52 83
37 38
94 32
5 79
56 32
67 83
62 34
98 96
73 21
68 96
99 68
75 84
15 85
74 79
41 49
45 97
68 79
36 15
3 99
72 87
67 56
17 41
10 86
12 15
44 94
90 57
62 98
64 93
79 14
9 49
11 91
37 57
68 31
79 64
75 37
34 92
52 33
32 48
97 67
92 23
99 18
54 33
27 50
93 25
4 76
13 53
21 29
86 81
70 89
23 69
94 21
20 19
27 35
68 86
48 9
89 22
65 67
52 52
5 11
73 90
39 16
50 31
19 40
7 1
46 10
21 97
90 99
87 58
94 100
94 74
70 66
8 89
24 58
68 27
49 13
7 88
8 68
29 6
27 44
25 45
8 91
1 100
8 83
67 25
44 67
33 24
55 35
7 85
22 27
80 55
19 52
74 68
3 19
14 96
68 21
11 49
14 70
31 86
54 91
6 66
59 61
59 93
16 76
54 100
85 60
84 78
16 43
4 21
61 53
69 18
27 38
11 72
75 30
61 49
41 79
12 27
51 46
75 43
4 17
4 71
33 59
19 78
63 55
69 83
48 55
92 75
20 80
60 13
4 64
59 84
8 19
39 71
43 99
67 68
20 13
12 64
49 28
98 6
34 28
55 17
20 25
19 4
57 46
53 53
31 62
38 7
17 44
58 94
13 66
93 43
8 99
58 97
47 2
20 47
86 6
10 3
30 85
28 27
23 11
64 47
72 85
31 77
37 29
7 32
24 63
64 67
3 79
77 97
50 46
89 61
26 54
34 59
73 100
71 14
35 40
45 7
16 41
19 18
37 90
52 39
30 84
64 25
82 26
33 79
41 55
9 76
46 7
41 64
19 2
38 95
25 66
14 80
24 96
69 27
9 36
65 11
91 31
33 6
59 5
76 60
1 3
11 8
52 96
30 53
45 46
69 72
95 71
37 70
50 84
34 23
41 42
1 58
56 17
62 90
91 64
64 77
38 33
54 54
4 95
8 97
77 60
69 89
15 90
14 45
100 90
67 10
79 60
65 14
36 40
95 25
67 62
71 38
96 26
24 68
65 39
17 80
71 11
47 88
94 57
16 2
54 78
64 38
86 93
60 65
7 64
10 70
72 37
17 13
94 95
24 93
56 100
59 85
34 8
99 79
43 40
4 2
66 15
51 22
52 22
40 30
7 45
25 29
53 84
70 14
82 84
29 82
17 49
69 43
21 71
43 15
78 30
50 65
61 41
65 33
27 60
52 42
33 37
88 57
8 93
52 40
1 51
49 72
41 93
79 28
50 15
89 7
91 59
21 86
74 84
98 52
47 90
90 86
32 87
28 48
37 43
6 77
43 22
8 71
71 41
71 83
49 3
81 8
61 2
42 64
17 81
35 22
45 15
47 36
70 95
55 72
8 16
80 42
61 90
4 97
4 5
55 55
70 90
59 44
89 8
25 8
81 78
100 68
2 49
98 20
21 77
15 49
83 40
23 86
47 60
35 18
62 95
79 27
7 28
35 45
69 42
61 30
60 8
78 27
1 63
44 56
18 73
21 16
55 39
29 31
52 34
16 60
1 62
29 28
95 80
59 53
3 27
20 50
60 28
24 56
78 9
98 48
3 8
68 25
60 92
53 2
3 32
5 28
25 98
10 61
88 45
92 24
91 74
52 70
55 49
10 40
27 52
74 90
85 31
25 19
61 72
68 7
14 16
35 41
53 55
13 71
64 95
16 5
16 94
57 5
19 56
46 80
93 10
16 36
44 100
52 8
54 36
49 53
9 40
16 96
62 38
8 43
40 37
80 38
48 12
42 5
19 47
96 89
35 38
50 58
91 55
36 62
31 46
3 38
97 17
51 43
93 32
19 92
74 93
59 78
95 93
34 6
50 69
19 66
22 66
57 97
82 16
20 79
62 8
89 85
26 24
57 94
49 34
27 69
12 23
17 88
72 82
73 7
65 43
68 10
22 49
58 87
70 11
26 41
40 29
16 26
98 64
27 10
11 25
98 61
62 48
99 96
25 21
24 6
8 79
45 28
23 38
54 9
9 79
46 79
87 49
81 69
4 81
58 49
79 93
61 75
86 50
95 16
97 1
71 55
21 35
19 34
53 99
81 27
73 22
56 78
83 81
93 1
64 18
33 84
21 72
20 85
31 73
29 33
88 41
85 22
65 97
28 19
85 86
35 5
78 59
29 86
13 67
39 81
74 70
3 97
68 11
69 41
75 79
100 8
12 60
45 82
80 78
71 39
92 74
38 65
92 44
62 7
64 100
82 30
25 30
88 90
18 100
67 5
76 98
91 38
87 95
75 87
47 89
61 54
87 94
56 56
68 59
21 66
53 97
3 90
25 75
9 17
40 48
23 53
45 29
41 11
60 76
99 36
2 81
67 35
31 3
66 89
72 25
71 8
44 36
41 74
98 15
90 76
97 44
4 61
34 76
14 78
75 20
88 6
12 45
38 54
53 45
57 57
63 38
3 95
32 62
50 22
94 64
91 40
57 64
38 28
74 55
61 86
26 71
46 52
27 37
50 37
50 64
84 68
65 64
9 96
51 52
100 30
80 74
90 70
82 44
50 14
62 58
66 3
85 89
84 79
51 25
64 69
93 59
79 71
87 10
58 58
77 11
17 29
18 72
7 42
45 27
37 5
23 35
85 3
80 9
83 26
45 93
47 52
43 10
13 55
78 44
42 55
84 51
92 85
11 55
38 92
54 68
59 36
95 51
71 29
100 93
15 24
14 28
43 49
11 93
53 42
24 37
26 51
60 62
21 2
52 98
16 28
3 25
7 37
91 82
19 72
43 25
71 86
8 58
27 14
20 6
85 64
83 20
76 82
33 91
61 60
70 22
86 67
57 26
10 47
18 34
45 78
28 89
44 85
76 86
70 88
31 93
11 60
13 85
29 76
4 87
76 100
25 95
13 33
3 73
15 11
12 5
94 89
28 2
38 79
76 34
1 89
67 90
100 85
85 57
69 40
94 52
2 13
33 31
21 75
95 22
4 37
66 97
26 91
81 58
54 20
42 77
80 88
37 50
42 20
2 82
8 90
55 80
80 14
8 62
2 97
70 98
65 100
99 81
40 64
1 11
88 15
20 17
53 79
2 3
86 28
53 95
34 46
4 52
51 92
11 99
32 17
78 24
57 20
87 37
64 17
44 7
55 40
46 32
32 6
9 15
7 55
54 76
74 56
14 68
42 26
79 35
63 25
8 22
62 27
100 69
49 6
57 8
37 26
75 48
72 42
67 4
64 61
60 54
5 36
98 43
15 88
12 78
56 67
36 50
95 90
47 55
85 33
27 70
89 52
48 11
91 100
55 43
15 39
57 45
51 50
72 52
6 88
65 24
56 95
60 71
59 54
38 87
13 29
62 81
31 20
31 24
90 14
20 64
48 62
85 13
22 30
73 43
61 43
100 82
87 86
49 75
83 56
23 4
51 93
84 67
26 70
43 85
48 47
70 55
93 60
28 93
30 74
88 13
28 44
82 56
19 1
53 39
48 15
49 88
59 59
71 21
93 21
6 20
47 46
16 22
60 60
65 52
31 97
6 68
8 18
59 22
96 5
75 88
10 98
40 54
71 30
3 23
43 12
86 5
33 41
54 48
77 78
20 40
21 98
14 46
28 22
50 34
7 20
3 98
56 68
96 16
92 3
7 23
92 40
60 86
24 31
63 100
85 10
85 75
31 94
32 83
23 80
52 48
32 69
76 12
20 74
42 4
37 49
17 84
46 39
58 54
69 84
17 9
62 25
1 8
46 57
49 25
9 95
88 61
34 87
30 38
35 85
98 10
83 93
89 1
42 81
87 97
64 45
80 97
12 66
56 85
100 2
56 53
75 11
36 25
88 76
46 35
86 37
90 61
31 89
55 71
21 32
10 54
84 12
62 93
50 49
31 100
39 96
6 57
34 40
51 90
38 62
30 40
12 2
81 79
84 64
37 1
99 77
45 47
11 4
73 18
18 42
91 68
83 45
100 52
79 76
17 73
64 27
43 17
80 85
92 57
86 20
75 41
33 94
91 26
46 40
65 16
87 99
67 16
69 62
10 72
49 5
58 98
63 18
65 98
61 61
64 96
44 50
16 81
53 76
85 67
60 41
54 51
80 64
51 54
62 62
61 95
36 7
64 48
23 91
45 49
51 13
51 58
31 33
89 60
54 32
96 41
100 22
41 88
12 42
86 32
39 82
66 55
5 84
51 100
43 29
93 31
91 25
3 29
42 82
76 36
38 69
32 34
93 90
19 96
66 35
86 97
32 97
40 7
15 33
59 67
29 80
19 21
89 76
29 18
86 83
2 60
27 74
6 56
64 37
43 73
82 31
26 97
29 75
64 7
40 84
96 29
88 1
77 24
3 48
34 51
10 53
92 27
99 55
8 23
78 46
91 28
37 98
17 57
15 4
54 94
7 75
73 55
93 64
74 12
24 87
47 82
79 98
79 32
43 65
8 63
25 23
100 32
1 81
100 42
77 5
31 84
87 80
61 36
32 47
80 92
86 56
56 61
18 51
64 43
11 62
21 54
64 80
26 53
93 53
45 43
19 88
14 53
5 7
52 90
63 4
37 65
53 100
83 53
1 75
45 21
73 86
50 29
63 63
18 88
86 92
100 40
91 24
99 89
15 38
68 70
5 32
65 8
64 64
82 36
27 84
61 33
40 5
34 1
96 64
8 42
44 43
47 91
5 37
5 81
97 43
74 87
10 6
37 53
11 88
97 28
94 58
56 35
20 15
79 86
26 90
14 66
65 65
13 91
97 29
54 85
22 47
29 60
41 53
66 19
78 98
56 79
15 60
50 36
81 20
7 46
97 90
34 82
2 9
83 13
26 88
70 49
83 86
22 10
46 28
82 89
94 46
42 35
66 66
98 34
90 83
82 87
61 65
77 49
91 33
43 83
49 46
25 92
94 78
54 22
67 67
43 61
30 57
95 8
71 74
92 34
62 55
50 68
42 8
11 68
5 55
82 91
56 4
77 35
93 50
39 11
34 81
59 18
37 47
22 96
68 68
41 75
93 37
70 67
63 36
69 48
91 2
21 99
42 1
97 66
82 4
34 30
28 97
76 69
41 5
51 26
47 5
54 10
68 23
41 45
79 82
81 77
37 58
86 29
100 83
83 4
80 65
2 99
75 71
18 5
71 37
57 21
68 62
54 84
69 69
33 28
67 37
63 78
11 26
31 26
70 41
81 42
78 70
61 55
54 37
24 70
29 13
4 68
53 90
43 11
85 32
42 21
80 73
63 80
64 84
86 31
25 58
85 15
34 29
75 38
48 41
90 96
1 50
5 87
97 68
87 45
83 6
94 92
49 48
66 54
44 29
43 71
73 38
35 37
74 28
8 81
81 73
1 21
80 94
69 63
11 61
92 69
35 78
92 72
22 77
23 51
68 50
69 3
21 1
36 88
66 96
94 20
40 41
92 67
64 11
48 92
9 34
18 83
95 82
26 2
66 30
44 42
33 62
22 33
43 96
59 69
28 33
73 82
83 8
34 44
24 48
86 77
57 31
12 99
36 31
48 32
36 59
66 51
71 33
5 52
4 63
77 65
94 72
92 6
16 82
88 31
5 68
96 1
93 63
43 6
29 98
26 40
22 63
92 10
76 88
22 61
46 8
68 85
9 3
85 35
76 8
47 33
88 34
7 24
73 61
34 12
30 44
81 26
33 66
12 26
13 38
85 39
66 24
91 29
81 92
14 12
17 31
87 14
28 15
37 13
60 75
95 68
76 48
34 54
55 76
25 60
69 66
42 76
14 98
59 75
4 22
72 47
50 1
39 36
53 69
97 99
38 34
55 22
4 84
35 12
54 46
85 68
68 94
29 94
23 95
38 48
21 13
8 74
61 58
25 94
76 13
16 51
12 68
38 15
65 68
46 1
15 66
79 89
82 94
91 89
36 78
61 25
32 78
40 69
68 67
75 22
68 58
47 19
11 86
8 66
45 76
24 91
95 84
59 27
72 70
98 86
1 53
96 90
2 30
38 53
99 70
85 23
70 70
77 18
14 63
30 92
17 76
37 36
97 18
41 24
40 49
66 93
90 87
58 11
8 77
100 39
28 79
9 98
89 82
85 45
35 36
12 84
2 92
6 97
64 41
74 9
90 28
11 79
26 85
84 39
58 68
42 79
94 49
3 76
57 16
10 66
36 64
95 57
36 45
73 60
78 83
24 32
56 80
24 42
83 35
99 4
2 34
61 50
72 50
67 34
83 97
48 1
49 65
90 31
70 91
65 23
96 38
93 42
49 90
13 22
43 78
54 64
48 73
24 1
20 10
71 78
56 99
70 9
48 89
26 14
39 47
35 77
9 37
85 5
70 78
88 3
74 57
30 5
12 22
63 57
21 74
66 79
92 78
28 50
87 17
27 51
44 9
51 59
71 71
49 94
75 44
50 5
34 70
56 34
25 73
35 92
66 100
18 68
54 67
18 74
56 90
79 87
100 14
82 61
41 30
28 62
89 100
5 18
4 46
49 10
19 11
61 21
85 40
34 94
87 57
86 84
23 31
34 38
48 6
64 9
69 37
12 59
23 63
71 4
41 44
70 94
94 55
42 59
39 84
28 60
82 68
49 17
22 97
32 66
81 49
77 20
82 5
66 50
62 19
57 39
32 73
38 5
52 14
77 99
54 74
31 74
38 58
69 57
34 4
35 68
74 92
95 53
28 37
99 54
96 31
24 8
58 67
29 53
17 21
49 38
2 27
69 24
35 55
1 49
26 77
4 28
72 72
63 65
96 7
75 1
90 69
33 47
86 21
39 30
50 9
10 52
1 17
7 47
21 61
98 11
13 75
2 75
3 89
59 96
86 70
36 55
1 90
11 53
63 86
75 63
80 5
69 76
89 91
33 11
36 28
19 83
45 11
16 15
10 21
11 41
92 50
45 85
98 80
54 69
14 94
57 6
21 83
77 37
19 60
9 2
64 1
52 5
80 84
73 24
97 24
55 100
70 72
51 64
48 3
21 39
11 76
6 26
2 20
2 69
85 38
93 20
4 16
64 79
64 60
15 13
65 35
25 27
20 100
85 77
73 73
67 8
17 99
34 47
89 39
82 27
78 96
88 86
37 39
53 26
78 71
73 37
35 42
32 20
87 75
31 21
13 50
55 68
91 66
32 39
74 74
85 36
27 63
62 100
50 7
3 43
4 19
85 90
15 34
68 83
98 5
75 32
92 54
21 68
30 56
60 15
49 64
33 32
97 83
73 79
47 49
3 94
42 95
76 66
20 90
70 99
53 73
79 48
77 43
55 92
80 61
80 39
91 80
28 84
65 27
90 21
69 93
52 50
85 55
16 54
24 76
69 96
79 6
89 86
48 18
24 59
1 99
88 39
37 17
86 33
57 29
30 75
47 86
32 98
81 51
99 31
3 31
59 73
70 47
35 73
12 70
38 76
18 60
38 3
14 87
26 48
79 5
38 23
9 24
27 81
18 64
42 68
77 93
98 36
27 20
23 30
19 27
47 53
90 59
78 17
1 71
42 66
82 98
97 88
20 98
67 28
16 67
46 33
75 75
90 15
62 33
3 61
8 3
9 27
95 65
52 31
92 76
46 14
43 94
77 72
100 70
52 59
87 54
70 39
47 75
9 42
83 90
24 85
10 55
73 80
70 75
42 54
16 53
57 58
80 72
97 91
10 92
71 17
70 79
89 2
28 98
97 81
47 54
68 61
67 21
48 99
26 86
23 87
30 90
39 70
55 29
93 39
22 3
59 8
91 69
45 44
80 22
75 26
14 67
7 86
19 45
15 89
9 100
47 41
82 95
23 61
21 30
70 24
97 49
30 82
98 63
33 76
32 19
60 58
5 39
18 48
59 38
24 5
21 81
97 69
38 91
40 58
70 68
89 32
25 37
41 48
12 44
62 10
52 7
68 45
55 18
50 19
90 77
74 67
47 58
83 67
33 54
89 46
31 87
79 11
75 21
84 8
36 29
11 30
91 79
33 64
21 57
51 95
18 52
43 92
55 4
49 24
54 75
55 20
20 49
88 43
46 78
56 42
5 48
69 71
12 76
85 56
81 15
69 88
99 33
21 52
62 59
68 77
5 63
64 22
20 43
53 31
54 47
9 72
61 63
28 52
99 86
79 33
65 92
63 48
17 100
12 61
4 25
32 99
68 47
71 88
52 66
66 72
79 80
47 17
1 64
3 65
66 32
60 18
98 75
88 22
65 63
18 96
59 92
68 14
63 20
97 52
99 51
95 62
74 62
4 42
8 84
85 88
10 91
22 82
91 5
78 60
95 72
5 89
37 40
97 53
85 80
82 45
26 42
26 75
94 82
1 20
38 24
45 24
83 80
55 78
27 55
77 32
53 78
95 55
26 59
87 8
67 32
15 14
41 90
5 56
96 94
66 20
92 11
59 74
96 88
12 17
19 25
65 61
48 7
45 96
32 44
49 62
10 84
99 6
94 97
86 69
55 52
13 2
97 35
86 3
44 69
4 7
50 100
35 80
59 55
78 95
38 82
36 32
14 7
56 27
31 10
73 85
46 63
89 18
58 4
2 65
72 63
28 9
28 71
82 50
38 70
58 90
39 50
33 53
53 23
71 60
61 31
16 48
9 21
4 60
41 9
91 72
75 76
96 76
76 76
30 49
40 16
44 71
36 53
75 68
85 99
80 41
60 38
31 71
40 73
86 74
82 34
21 73
46 94
26 28
50 40
12 41
96 42
52 100
86 44
78 99
39 22
31 34
42 92
66 42
24 43
55 51
8 60
92 45
30 25
73 68
66 36
92 70
13 42
17 86
59 97
14 33
39 38
23 37
79 73
1 95
63 8
46 65
98 50
39 26
8 69
34 84
82 7
97 32
66 70
72 94
57 38
64 51
24 10
55 26
95 38
99 98
4 47
84 86
81 67
37 66
4 9
58 42
52 63
93 23
83 44
68 5
94 3
59 62
25 33
45 75
63 61
19 14
53 10
81 60
29 55
40 71
75 82
25 28
37 96
65 36
20 97
83 11
44 1
62 84
2 78
29 8
98 82
4 48
39 58
71 85
42 36
17 10
88 16
6 94
4 83
99 56
68 72
15 57
83 47
93 55
11 63
3 41
43 52
34 56
13 12
78 11
93 45
30 45
78 31
72 55
19 36
15 17
57 74
61 83
74 61
79 7
85 9
40 12
100 13
91 47
77 84
43 68
69 17
7 84
8 47
97 46
15 41
59 34
60 70
41 95
70 48
25 35
51 97
95 56
4 98
23 49
94 7
85 69
17 78
19 97
49 78
30 73
80 53
52 10
77 77
41 33
63 90
97 33
70 45
68 84
54 42
36 6
32 30
73 53
39 37
40 98
78 78
23 2
65 90
18 90
28 11
76 24
26 4
70 15
48 33
12 9
77 36
21 43
26 79
96 83
91 34
87 38
21 8
78 86
56 91
8 1
56 30
57 66
31 17
91 53
48 56
50 83
67 14
94 67
60 63
97 23
57 18
84 2
32 36
18 22
16 27
100 25
73 28
77 16
53 52
26 43
30 39
74 53
85 4
32 25
18 70
5 92
1 37
65 3
60 68
38 94
52 20
99 17
67 49
23 18
88 8
87 100
85 93
25 89
83 50
41 71
51 16
47 28
44 66
54 24
3 45
52 51
96 8
13 43
87 78
78 37
70 38
49 15
83 48
33 1
36 3
89 54
65 79
84 43
97 13
54 44
94 87
77 76
38 32
99 10
78 14
11 1
99 88
10 62
16 37
5 16
20 22
19 30
82 86
44 11
100 94
75 18
99 27
51 66
27 3
84 1
78 28
76 38
29 87
81 65
12 49
90 6
8 40
82 97
54 83
2 36
73 40
75 33
80 47
2 77
47 69
17 68
98 39
51 32
53 18
67 73
46 25
82 59
19 48
95 76
54 62
94 24
52 18
11 85
57 93
93 38
59 17
26 94
49 37
36 69
45 39
11 69
52 6
94 99
25 70
7 9
68 99
50 87
2 84
55 54
81 89
9 1
43 56
64 57
39 32
98 84
21 95
20 76
29 15
42 91
100 59
71 10
100 4
44 76
32 26
51 33
15 74
2 63
97 31
97 95
11 37
57 7
10 35
9 84
8 26
25 91
98 53
85 61
42 29
2 68
73 96
84 60
49 95
78 52
13 87
43 91
61 76
8 49
24 65
89 28
31 30
11 2
100 62
86 12
31 54
37 69
91 16
28 7
75 86
26 35
89 14
51 8
90 36
39 3
98 51
85 28
51 56
3 40
87 7
92 28
6 74
6 9
88 84
44 96
70 93
24 61
27 33
28 40
68 80
51 98
60 45
67 12
46 99
25 59
72 93
91 99
52 45
61 3
73 97
70 57
80 28
72 14
34 26
35 19
65 10
14 48
82 66
71 1
92 93
83 74
29 58
72 8
22 79
13 76
21 45
77 33
9 6
52 16
30 43
55 81
100 12
40 94
53 83
1 54
54 16
79 39
94 29
46 85
37 55
42 47
46 53
68 87
10 32
23 76
93 74
6 90
46 49
86 49
12 85
93 96
52 84
71 80
48 5
53 17
17 95
5 86
2 62
8 32
41 59
70 23
59 14
100 61
1 56
21 87
24 18
13 54
31 39
50 90
81 11
41 17
49 81
1 35
84 100
10 80
98 67
84 66
93 41
55 31
25 1
91 57
73 89
57 37
19 6
28 65
12 75
70 1
53 25
73 34
23 83
79 13
24 49
82 20
55 94
62 99
81 70
70 18
51 87
68 38
99 75
66 74
95 27
4 32
47 57
59 47
1 27
68 24
91 62
43 87
36 70
72 83
23 20
37 93
60 67
1 52
18 6
92 37
73 29
53 94
48 57
79 38
15 45
51 82
83 31
5 33
87 66
97 75
10 45
98 25
13 77
90 72
79 79
33 52
86 89
66 78
40 89
90 73
43 70
7 14
3 37
61 5
51 39
25 42
57 96
29 11
35 49
65 1
58 79
50 98
51 53
80 24
80 80
33 80
29 73
100 18
36 77
97 19
83 57
51 55
94 66
71 59
41 7
51 70
18 82
97 59
33 86
74 21
30 87
65 48
84 36
74 43
8 41
77 79
12 31
39 51
82 35
4 75
38 6
94 28
70 5
56 25
18 45
15 53
99 20
91 21
49 58
98 72
93 13
34 42
41 20
70 53
87 90
15 94
64 50
12 56
45 26
91 44
86 75
81 74
75 55
32 61
52 29
35 34
36 46
31 27
53 28
72 16
82 58
11 27
94 41
9 7
98 47
93 79
67 64
10 57
45 57
3 74
94 65
3 10
91 78
89 97
76 72
19 90
70 83
73 9
55 67
33 38
15 79
22 11
18 78
7 92
84 82
39 43
88 37
67 54
73 5
85 1
57 56
13 46
20 65
18 66
100 41
24 81
50 88
27 26
25 54
50 67
95 15
4 94
28 59
65 78
76 94
43 4
94 8
52 43
38 74
18 3
9 83
83 63
91 3
88 74
70 30
11 78
82 71
81 41
81 9
50 24
15 40
97 65
19 7
83 23
51 72
22 65
48 23
41 99
35 53
39 77
64 89
63 5
23 96
13 39
33 35
50 18
30 31
29 37
96 62
11 66
81 81
4 88
95 54
62 83
44 14
66 48
48 45
33 57
21 38
90 23
55 6
50 72
86 35
73 81
19 8
17 94
25 4
96 45
9 22
81 86
80 93
33 15
10 19
98 91
17 22
68 22
60 61
68 56
61 6
58 29
75 53
60 36
46 89
53 81
48 46
57 14
81 95
65 58
64 88
31 72
20 32
76 23
61 66
52 2
95 14
99 59
40 34
40 32
37 89
54 27
89 10
35 6
46 37
39 24
71 26
66 37
8 67
92 20
42 70
63 54
10 94
19 5
35 32
87 88
16 59
97 61
18 12
62 46
92 14
26 15
94 76
24 80
27 95
11 82
9 93
51 14
30 80
20 75
40 57
78 97
94 2
29 99
36 21
91 8
24 88
83 99
94 75
62 97
77 63
59 29
57 92
45 88
20 56
95 66
75 51
55 13
27 97
13 1
69 86
91 14
29 62
25 87
88 14
66 67
76 15
93 78
29 5
26 7
75 6
33 8
3 57
8 61
16 20
62 28
74 14
66 10
43 75
91 73
2 41
55 15
34 75
20 12
7 58
36 79
79 77
29 51
56 96
39 92
39 5
20 93
32 70
24 84
52 37
33 22
82 82
25 84
97 27
76 73
67 15
89 44
49 36
90 4
83 83
48 82
29 71
76 45
62 88
16 77
55 82
99 11
80 4
64 21
16 52
96 92
32 81
60 89
86 71
18 14
69 45
34 32
64 44
82 41
76 20
93 47
48 65
27 64
25 13
68 36
87 59
74 64
18 50
58 76
85 8
77 67
43 1
80 8
83 78
68 76
63 16
62 35
53 8
69 32
26 100
41 61
14 62
8 96
58 77
41 58
99 32
64 90
34 33
4 79
33 14
38 97
63 29
57 72
15 32
5 15
9 65
78 8
16 12
49 93
84 84
77 26
94 1
22 69
35 79
80 69
24 62
23 32
12 24
29 69
41 81
72 19
75 64
45 81
74 77
53 40
10 87
88 20
86 7
41 29
11 36
45 8
44 39
88 19
26 18
24 52
16 91
83 24
93 88
18 43
66 16
53 38
23 100
44 78
51 21
1 65
98 16
30 100
56 36
52 47
92 51
39 99
39 63
6 73
2 44
5 25
18 91
31 82
59 100
24 41
95 63
1 9
37 99
80 59
76 3
56 28
37 52
24 67
6 35
34 62
12 28
26 87
90 89
80 95
51 88
28 86
63 66
32 67
62 82
8 56
73 41
99 19
73 94
96 36
95 77
6 55
34 2
3 59
48 74
22 91
59 3
36 86
98 89
10 37
95 20
9 60
37 41
77 64
90 22
4 56
100 44
88 65
30 4
19 80
65 40
67 58
15 30
53 62
81 5
51 99
67 71
94 26
50 97
99 3
71 95
61 51
3 47
8 37
80 21
87 3
25 55
64 23
27 62
52 27
32 27
34 73
5 60
48 24
2 48
87 76
68 64
86 79
89 71
43 24
95 4
62 94
78 76
24 89
86 4
35 63
31 90
19 49
39 31
40 2
27 92
80 34
20 54
79 23
67 38
5 1
48 85
39 19
14 91
31 12
12 7
85 30
15 80
79 44
49 74
61 26
36 5
79 43
77 38
92 91
10 12
84 18
62 71
53 7
46 100
69 74
99 42
23 25
39 73
15 58
47 31
50 93
99 13
58 62
81 55
79 62
46 41
37 4
28 90
77 52
12 52
22 85
35 39
85 43
47 81
65 94
9 51
45 68
67 42
65 37
70 43
15 19
21 89
18 47
64 68
61 96
67 11
27 80
84 50
60 87
66 56
15 68
55 34
96 58
42 18
22 50
21 94
68 37
52 32
15 21
12 10
48 67
33 13
63 30
92 22
28 4
80 25
23 71
9 61
78 35
99 94
27 91
60 23
82 33
60 37
25 36
28 31
52 97
15 65
73 67
42 11
23 17
10 82
2 12
80 15
2 85
98 9
17 43
77 95
5 23
97 64
45 14
85 49
36 11
8 59
93 4
2 98
44 13
69 81
48 71
99 28
50 99
30 41
8 46
81 6
89 21
49 35
29 97
63 94
4 49
100 73
33 75
56 77
12 13
69 46
20 91
67 93
64 19
83 17
5 93
60 78
92 73
45 50
1 94
48 53
93 94
33 10
32 75
90 24
62 87
75 19
61 94
61 34
51 84
62 15
62 32
71 87
61 4
3 96
37 61
55 12
66 82
37 78
82 8
68 73
55 60
57 33
53 54
80 62
80 37
24 45
72 96
55 59
33 89
99 26
31 60
85 85
6 12
44 6
13 56
30 32
59 52
73 31
76 80
33 17
29 63
59 66
58 91
78 91
4 59
61 13
88 21
56 65
63 77
34 61
8 7
13 82
93 54
25 31
77 30
86 64
31 14
85 6
78 79
91 76
20 9
86 86
58 40
90 66
8 34
37 7
71 100
91 51
69 29
63 28
1 85
13 89
98 90
35 88
74 58
18 32
72 86
65 4
45 42
30 26
31 51
87 87
45 71
22 8
95 64
18 35
88 94
27 9
86 51
50 45
58 47
54 93
81 62
39 65
65 53
71 97
61 84
95 61
47 93
41 72
99 37
16 23
72 33
46 42
48 50
39 95
83 54
18 16
72 79
39 60
55 25
59 42
6 67
36 43
1 57
93 36
19 29
76 1
86 65
24 26
34 41
99 64
81 90
84 37
7 54
5 17
48 36
73 72
99 67
33 30
6 100
61 100
74 85
54 70
41 37
68 92
94 31
55 57
62 14
83 14
5 40
68 6
2 61
91 70
100 55
62 5
66 1
79 22
70 20
72 32
76 70
5 41
82 2
73 6
1 2
51 60
38 29
83 98
28 42
36 54
55 46
34 22
99 30
43 38
63 9
87 83
82 96
88 88
46 48
83 76
96 59
2 93
25 43
64 99
23 78
88 71
21 10
89 43
68 40
23 41
32 68
56 3
47 76
47 70
67 76
93 34
17 82
5 19
25 93
28 82
33 3
49 51
54 15
17 34
46 60
5 74
51 62
70 85
3 12
84 40
26 34
48 10
69 31
5 95
20 46
89 89
48 88
71 82
17 62
78 92
77 17
37 85
76 87
87 41
51 38
99 52
54 55
92 94
50 32
16 65
33 5
58 48
47 39
85 53
7 89
2 8
59 71
93 51
8 9
86 61
58 2
78 10
5 24
64 76
92 88
6 40
13 86
28 18
76 99
86 48
1 42
78 23
19 62
70 73
35 60
69 23
36 17
4 58
39 14
44 73
48 28
41 52
94 23
4 54
5 47
3 28
12 86
2 15
66 62
38 98
75 4
58 83
25 61
75 96
19 84
93 57
9 12
58 38
39 2
6 34
30 12
29 16
75 50
10 63
87 73
65 32
23 73
5 75
83 34
94 27
73 87
14 95
96 24
53 3
49 7
17 55
61 81
34 90
96 87
6 95
3 14
14 58
87 28
20 87
72 53
33 88
10 36
55 90
80 6
60 100
13 10
16 89
28 38
30 22
19 57
21 48
45 41
23 44
25 74
23 52
53 67
79 74
67 75
13 28
25 44
16 58
87 60
5 88
21 15
38 10
50 3
53 14
33 23
87 52
20 60
47 34
94 37
5 50
77 23
10 39
48 54
28 25
34 21
35 69
60 35
35 21
68 63
73 95
24 21
90 20
22 44
38 22
39 21
96 35
91 20
21 90
54 8
31 16
42 10
5 77
69 35
93 48
91 35
22 28
12 89
19 89
60 29
35 10
7 77
18 61
37 23
79 40
71 98
85 94
22 36
93 5
12 39
7 3
90 93
80 67
18 23
35 96
40 59
28 76
18 92
69 68
39 59
64 29
73 42
5 73
59 13
44 18
66 47
27 57
68 98
70 50
10 5
44 77
37 81
90 25
17 11
19 63
35 89
19 59
63 3
10 38
81 88
65 18
95 6
24 60
17 12
60 26
26 60
53 72
9 43
83 46
56 92
59 86
7 79
4 72
38 47
44 31
36 95
59 89
70 58
68 57
88 9
36 71
28 16
47 50
72 31
33 82
79 4
96 68
42 63
83 51
10 100
66 80
75 67
58 21
34 13
81 47
28 51
34 43
87 47
96 67
92 71
4 50
5 54
89 96
44 47
59 19
78 42
73 10
43 63
66 59
9 45
66 34
61 52
8 70
54 57
29 42
42 80
87 15
48 16
31 40
16 90
86 23
44 49
12 77
40 35
74 44
49 31
43 57
18 69
52 76
41 43
52 58
42 61
91 46
90 8
53 24
9 8
47 40
85 47
15 29
68 2
46 21
34 74
59 25
56 69
72 27
73 54
68 32
15 82
63 69
23 77
84 52
74 46
89 80
97 45
17 28
76 30
42 62
92 55
37 63
60 82
89 98
68 29
91 11
23 88
70 19
39 52
74 89
82 17
72 23
66 98
63 50
92 83
94 15
37 33
46 43
25 40
100 92
34 86
42 98
63 91
17 5
90 67
24 19
59 37
81 17
90 33
44 21
63 72
23 3
43 82
30 16
27 8
74 32
36 44
96 48
83 32
16 69
1 41
12 19
50 13
94 43
44 65
66 41
22 64
2 4
27 12
92 80
21 92
7 51
46 50
15 96
88 42
14 92
8 13
20 86
17 87
4 34
94 25
66 86
41 6
90 90
87 34
23 14
11 75
11 22
82 11
66 43
20 94
12 34
39 1
44 82
97 77
60 39
65 99
46 86
76 33
57 47
30 65
79 61
5 58
85 46
81 33
89 20
55 97
70 77
55 86
75 95
13 37
88 82
84 76
27 77
94 84
57 1
41 2
95 87
43 88
10 60
63 2
57 43
18 75
36 26
25 18
33 81
84 55
58 7
18 80
55 93
76 29
6 83
30 6
23 39
68 60
38 2
100 95
9 41
14 89
45 56
31 56
6 91
59 76
7 33
14 50
82 93
63 47
86 99
26 95
95 81
37 64
91 4
46 26
88 28
29 85
7 71
13 93
44 26
50 91
87 44
74 35
29 24
27 75
59 12
58 1
96 40
23 29
35 33
47 43
91 91
70 26
89 78
22 58
78 26
4 67
92 92
33 83
3 34
61 7
53 59
41 100
39 8
19 39
44 60
82 23
25 50
99 57
62 22
22 46
87 65
50 30
8 11
12 35
63 43
64 97
98 79
100 19
16 38
43 60
28 17
28 13
91 10
43 7
14 5
81 52
21 41
7 12
32 91
21 28
14 75
95 40
89 95
75 12
3 16
18 97
87 64
20 53
99 1
36 19
4 39
87 31
69 8
52 61
93 93
61 93
55 96
68 74
65 96
9 11
6 76
72 18
52 77
79 72
21 46
8 80
45 34
19 93
63 64
62 2
36 18
7 56
11 74
40 82
43 39
80 98
74 17
14 17
89 19
64 13
25 24
3 26
50 71
63 21
56 13
86 57
28 14
81 30
27 6
29 44
2 67
75 94
97 78
25 2
58 74
30 28
40 78
30 11
12 38
77 44
80 81
2 83
98 55
39 17
63 40
4 41
85 84
23 15
39 61
4 6
93 65
11 58
63 67
40 55
55 37
51 96
75 15
20 99
12 81
90 94
17 19
65 89
39 35
39 88
2 29
36 65
47 10
56 24
16 66
14 24
49 21
71 66
17 61
68 3
98 77
62 13
23 60
42 34
81 98
6 47
100 28
40 24
80 77
53 4
43 79
25 17
95 58
60 55
44 20
44 90
18 4
57 25
11 33
54 6
64 2
9 88
87 25
53 98
37 95
65 41
67 87
45 95
67 45
60 42
31 8
13 47
54 81
98 21
67 65
21 40
33 2
87 62
94 94
51 78
18 7
17 48
35 70
69 61
67 95
28 72
64 20
84 21
61 88
6 50
51 89
14 34
27 23
94 85
66 33
58 95
81 45
2 54
1 48
26 1
84 25
40 9
44 87
4 15
18 65
69 50
95 95
95 21
69 9
10 41
22 76
24 55
63 51
4 36
53 60
64 15
58 84
74 80
74 69
34 49
44 48
33 65
12 40
82 80
62 73
90 88
80 82
23 59
46 66
41 18
28 58
53 92
27 94
49 27
20 38
90 47
10 96
8 87
36 66
60 47
37 91
6 19
59 80
58 75
1 40
64 32
58 64
66 75
65 12
20 83
14 10
46 70
1 44
36 89
98 44
24 78
43 58
80 12
3 82
40 99
61 38
37 92
85 98
92 32
36 57
15 52
97 58
67 92
32 45
58 26
9 70
90 16
89 15
85 62
97 50
87 72
18 87
6 4
14 18
20 88
69 2
63 93
83 42
8 28
54 39
49 86
87 81
15 6
31 48
35 28
89 38
31 57
92 5
45 54
72 74
28 78
93 99
36 76
85 21
49 61
91 1
3 11
27 19
52 15
40 22
81 12
29 4
95 59
6 58
26 33
67 26
74 73
81 94
99 24
69 33
47 16
86 40
75 83
72 65
88 48
21 49
68 91
43 81
37 15
90 32
7 73
39 74
18 41
9 48
35 98
6 60
95 85
82 65
20 57
83 84
49 44
73 50
27 32
76 52
100 81
8 50
21 42
59 46
5 62
37 16
57 61
25 20
36 80
82 18
12 46
7 2
15 12
85 73
44 86
11 64
82 57
90 44
77 94
72 84
96 13
36 60
59 24
25 15
1 67
17 60
52 91
42 53
35 87
20 4
99 85
79 51
91 67
36 48
100 98
26 36
55 65
35 50
13 14
87 16
13 65
79 49
53 50
93 75
65 82
69 52
79 18
48 21
33 98
61 97
7 18
22 98
63 49
16 83
23 93
79 2
74 95
97 62
1 66
55 48
76 53
47 83
64 8
81 59
50 54
25 6
34 68
67 39
56 73
79 37
21 76
51 36
99 43
59 41
79 20
65 88
95 75
28 63
31 41
96 96
42 78
62 23
40 72
58 5
88 17
16 29
95 19
66 81
22 16
98 32
58 45
17 75
100 46
23 10
14 88
51 27
92 87
36 30
4 96
19 33
35 83
12 90
62 29
58 27
78 25
100 75
26 5
94 35
66 5
73 26
27 40
90 95
76 16
76 50
99 35
89 75
22 92
97 73
94 30
81 75
42 43
71 58
36 52
56 57
18 9
31 37
77 51
74 83
8 54
32 3
58 19
14 37
57 23
5 44
62 50
97 11
69 13
12 54
31 36
53 65
22 42
46 54
67 94
23 65
58 66
2 10
41 66
58 6
13 41
83 29
62 53
97 97
65 2
25 46
14 19
61 85
90 13
40 28
83 5
98 98
30 70
74 86
67 36
77 61
48 26
83 21
42 58
29 41
62 96
84 49
61 70
51 5
31 75
45 10
93 19
80 90
23 9
1 91
99 25
92 89
55 16
67 97
56 38
1 6
64 12
99 99
30 46
85 12
88 89
43 16
93 70
42 25
22 71
80 76
10 78
29 52
19 17
69 90
21 53
30 58
6 5
41 77
87 26
87 84
76 21
67 29
24 86
54 7
25 78
44 53
6 93
100 100
79 12
50 8
82 67
2 14
61 35
63 19
69 60
93 40
44 19
72 5
54 53
23 84
85 70
16 8
28 69
80 7
13 70
57 11
94 48
24 75
50 26
26 55
3 9
35 90
1 47
5 98
63 71
