100 100
10000
35 60
83 6
29 83
6 55
10 50
56 24
85 74
48 99
95 29
49 84
21 78
97 93
49 2
37 72
10 98
5 1
17 86
8 81
11 50
56 95
56 76
32 22
47 76
53 87
2 62
41 84
53 34
93 87
27 1
51 96
47 71
8 13
75 61
19 87
95 100
100 4
57 37
56 71
13 21
60 62
35 90
88 99
28 86
4 24
92 76
13 1
16 16
99 20
43 41
39 34
58 69
97 46
68 5
87 67
46 85
96 68
49 77
86 83
50 95
32 20
89 79
92 83
62 8
45 1
65 5
88 22
37 24
46 54
22 36
85 92
12 37
89 88
9 44
4 64
35 49
1 49
22 66
3 61
95 12
61 60
11 30
97 36
72 17
11 37
21 47
44 20
67 42
17 51
7 96
62 87
57 58
33 98
16 48
47 3
4 30
6 54
89 24
1 1
95 36
49 44
80 67
17 6
7 35
69 25
49 74
77 57
82 20
33 97
88 88
65 79
94 51
39 81
61 11
34 27
11 44
5 2
45 66
4 7
90 49
20 63
14 66
5 3
50 5
92 61
95 48
19 8
52 45
10 17
73 24
6 98
49 18
87 72
98 41
74 68
56 86
33 75
100 14
82 82
68 73
28 81
82 92
94 16
54 28
77 88
58 93
30 95
84 93
86 75
48 42
80 75
89 57
73 83
26 20
5 4
46 70
83 18
49 28
37 11
51 92
11 64
47 84
64 1
31 36
13 26
48 54
84 48
89 4
81 58
62 93
55 29
3 38
86 32
17 57
14 81
58 29
35 43
16 28
72 44
89 91
32 85
89 13
77 41
86 42
57 81
65 17
46 8
63 39
42 20
49 41
43 95
47 45
83 34
49 69
16 26
26 65
62 97
97 38
5 5
50 77
99 66
42 78
94 14
19 46
98 51
46 19
63 98
11 20
80 74
88 9
2 75
75 95
78 47
24 70
37 56
3 49
22 31
35 26
60 13
14 91
88 75
93 54
91 28
22 33
100 66
26 92
45 26
4 11
90 96
44 100
92 84
19 53
12 34
1 62
58 47
54 68
31 49
79 87
18 85
93 76
46 34
80 34
94 40
71 19
10 61
37 18
65 11
99 73
72 80
17 4
78 52
65 98
42 37
85 1
35 57
18 31
70 3
41 51
62 67
100 16
64 76
40 86
49 85
41 62
42 97
38 51
43 61
72 91
13 89
25 25
9 48
49 63
68 23
97 20
14 11
29 85
62 95
94 44
60 15
83 38
58 100
81 84
9 61
12 59
19 37
92 82
64 80
48 31
37 84
9 100
69 73
18 23
51 81
91 100
84 35
23 91
36 9
77 33
21 1
36 80
66 55
69 23
64 50
88 89
13 16
79 72
25 22
85 22
60 100
58 51
25 77
92 17
5 6
87 23
67 84
59 30
74 45
33 1
18 71
42 73
97 84
85 32
87 91
60 73
100 98
68 58
42 70
60 4
75 59
10 85
33 37
62 92
73 88
20 43
69 34
43 73
18 100
52 33
26 32
21 96
73 97
42 28
63 10
58 44
17 94
99 35
92 69
30 99
70 78
49 51
47 39
82 49
14 39
96 95
27 33
99 39
74 93
42 50
82 77
72 9
62 45
52 62
73 55
92 56
13 42
89 30
46 92
8 12
90 13
12 11
78 44
25 30
82 8
12 89
75 9
16 40
33 30
18 13
73 73
75 92
64 85
32 67
79 13
9 87
72 56
99 72
87 21
37 65
53 54
86 41
99 8
37 46
49 25
94 79
42 67
28 89
61 21
36 51
86 91
10 90
38 79
60 38
86 11
50 34
77 26
8 8
9 49
14 48
59 47
79 44
61 37
4 84
77 84
23 8
31 23
73 28
84 57
23 42
29 2
98 7
1 36
48 7
61 80
48 11
92 22
21 56
95 31
20 69
26 74
44 99
41 78
39 10
32 76
84 2
59 21
99 82
92 93
72 87
29 13
36 41
33 62
43 37
45 46
72 30
25 26
71 84
81 45
37 33
51 32
54 81
94 21
82 12
80 61
68 26
28 29
22 51
70 98
90 76
100 78
10 69
44 41
89 93
27 64
64 28
57 56
18 60
81 17
55 33
47 70
69 90
41 24
81 13
14 6
14 98
17 26
79 14
71 4
52 76
36 54
71 79
5 7
100 76
27 51
33 70
50 36
79 93
40 19
31 21
79 75
34 61
25 29
45 38
47 68
71 38
99 86
64 3
57 34
18 63
35 48
65 100
86 34
97 63
72 45
35 79
39 15
85 26
57 36
67 76
90 50
74 66
59 98
69 100
75 25
7 94
30 40
10 6
12 87
48 73
73 13
30 36
64 15
72 36
33 44
56 77
60 19
56 21
94 7
97 9
37 29
28 72
79 8
64 78
33 61
40 62
70 11
81 61
26 22
65 51
61 28
24 77
21 4
61 38
16 4
68 74
49 13
95 74
94 31
6 44
94 58
36 33
52 73
72 27
75 34
9 84
61 81
85 9
20 90
2 65
58 66
78 85
8 80
87 58
1 64
97 62
50 66
27 39
43 62
87 19
84 3
78 55
86 52
86 13
22 8
89 27
75 65
49 97
12 44
11 81
74 23
79 85
81 48
86 38
3 3
37 79
77 5
59 91
6 27
70 94
78 26
61 92
100 97
85 64
24 29
70 8
4 89
39 26
97 14
54 90
5 8
97 70
39 68
67 81
100 12
85 84
51 46
4 19
47 87
14 79
91 4
4 21
90 30
74 9
74 49
75 73
22 46
32 91
20 62
24 8
5 9
34 99
100 36
83 43
99 19
25 56
3 1
91 72
72 24
22 69
82 73
16 12
34 6
73 17
73 71
42 65
59 100
67 70
49 40
4 82
46 60
47 53
98 32
7 17
25 24
24 76
90 85
42 84
24 62
85 99
74 42
7 97
54 56
86 15
51 91
78 62
93 65
40 14
50 57
26 14
7 100
90 38
35 7
63 84
68 61
32 26
42 99
11 89
26 8
91 7
79 64
80 27
54 46
56 70
8 21
60 77
91 34
3 90
4 72
6 67
48 53
17 90
56 39
1 39
41 8
55 49
27 75
73 40
2 53
43 57
55 82
87 8
92 26
86 90
8 7
52 16
82 11
41 12
11 12
75 57
41 89
97 22
95 70
97 39
6 80
27 92
69 39
46 40
8 96
65 88
63 86
23 34
99 47
12 94
54 95
41 61
21 49
94 39
68 94
56 72
63 33
20 53
53 65
24 87
67 4
65 75
18 34
44 93
39 1
61 62
16 24
85 80
45 8
32 18
10 78
44 22
68 16
42 93
58 76
54 58
11 32
24 90
74 44
65 7
30 52
28 45
58 17
52 1
52 30
62 76
3 27
11 79
98 42
63 45
1 7
49 80
90 86
42 15
71 22
92 90
63 97
73 89
84 9
21 86
96 44
98 77
43 31
90 18
2 18
10 45
67 14
6 60
55 8
10 44
59 7
2 95
22 61
32 10
75 26
71 80
9 41
69 60
54 97
30 84
69 40
29 87
91 39
87 41
53 49
65 28
63 55
59 80
76 55
72 7
76 42
97 60
43 8
3 87
70 49
35 61
19 41
79 60
27 21
60 43
69 95
96 9
97 81
28 2
13 78
64 92
58 25
75 32
83 60
67 89
53 88
85 40
21 19
11 4
92 28
33 63
81 7
44 85
59 58
36 12
87 46
51 97
9 54
71 76
85 7
3 78
45 73
89 28
1 12
21 50
56 38
23 94
5 10
10 26
3 5
65 70
15 56
17 44
29 10
56 53
26 60
62 78
93 98
10 39
40 66
18 18
47 80
67 53
94 19
35 63
24 73
20 54
23 58
42 77
28 40
46 37
22 86
92 23
75 82
34 13
37 80
45 60
33 57
6 56
15 4
63 12
19 38
81 93
51 62
16 7
21 24
79 38
65 92
90 58
98 98
3 82
29 6
100 27
28 15
27 16
18 33
96 71
19 55
94 36
12 86
81 75
66 75
91 33
56 90
69 82
82 94
38 95
5 11
88 30
79 11
91 8
43 11
53 17
50 23
52 9
54 77
51 42
94 52
57 43
70 79
7 16
32 82
98 21
19 52
36 28
9 82
65 90
85 72
4 55
97 11
67 19
90 36
39 12
87 28
33 69
17 14
42 14
40 70
74 21
50 52
59 95
52 35
98 29
85 38
52 92
58 72
20 66
61 44
10 52
42 61
52 86
88 98
14 20
79 12
17 87
51 25
97 35
32 80
17 15
62 59
17 9
40 26
71 99
32 24
81 95
77 39
2 91
10 30
4 9
92 91
93 48
7 93
65 22
84 60
63 68
91 85
38 19
34 47
64 21
42 26
86 2
39 94
6 21
58 13
76 71
55 94
53 2
14 24
61 59
72 69
83 84
35 54
42 74
79 21
91 51
85 8
66 96
92 45
94 93
63 40
30 46
82 5
38 41
38 84
54 83
21 2
93 26
65 83
51 67
12 96
42 47
77 17
34 34
95 4
54 29
67 65
14 14
61 4
3 89
21 45
88 15
99 70
26 55
3 91
52 41
68 41
76 22
30 68
54 98
29 73
26 34
78 70
49 66
26 66
70 38
29 71
20 46
15 77
40 58
3 29
34 29
51 10
74 64
20 81
54 47
75 58
38 2
59 99
41 26
66 74
18 77
33 14
22 53
86 95
62 54
19 69
88 93
14 76
33 20
88 90
93 35
93 37
23 18
39 27
71 12
49 95
71 5
16 34
52 23
66 14
43 97
16 78
50 8
25 63
66 49
59 22
35 59
87 97
42 98
82 2
11 72
3 50
83 8
71 41
53 7
75 12
59 16
64 12
94 78
35 24
70 4
6 70
4 97
44 96
16 76
19 6
2 71
61 47
34 10
70 58
34 88
78 93
78 42
93 92
51 38
77 45
28 24
15 89
76 37
75 17
50 20
18 55
35 39
32 65
6 65
87 59
99 14
96 97
32 66
64 56
39 51
21 94
84 41
30 58
11 23
61 75
43 27
42 94
70 85
20 97
13 82
50 88
18 36
37 86
3 43
95 77
68 64
8 4
79 41
76 7
79 1
24 56
53 50
13 41
21 54
11 18
49 62
50 81
40 93
57 61
48 72
50 13
79 33
93 8
6 48
63 74
41 48
88 56
18 82
31 60
60 95
3 24
56 65
1 37
15 39
63 90
84 38
24 92
37 44
49 59
45 100
95 82
32 45
35 67
52 80
94 53
81 3
44 32
37 73
9 42
73 18
96 45
97 74
26 63
82 93
49 47
41 66
34 89
8 39
44 62
30 27
93 13
27 86
67 95
1 91
10 71
43 74
58 95
76 40
24 45
94 33
74 80
82 19
18 41
32 46
92 94
76 75
14 8
16 33
82 54
79 69
35 42
6 96
91 52
98 63
16 32
77 62
31 38
39 72
54 80
65 52
67 91
95 45
56 47
92 68
95 86
43 22
12 93
6 33
52 67
13 66
97 52
49 56
70 93
17 47
85 13
40 34
17 18
97 55
40 69
93 44
58 34
42 75
38 27
85 39
82 14
10 5
60 55
98 48
1 59
76 27
49 82
77 8
60 71
69 35
21 55
21 39
67 7
69 32
7 83
14 73
98 14
3 19
79 28
100 57
12 14
54 72
44 7
48 85
73 8
7 69
99 77
100 46
28 99
92 72
7 20
72 49
79 31
39 28
49 48
40 75
7 72
50 32
25 78
18 53
1 50
74 92
60 56
66 12
33 49
29 46
47 77
32 28
68 72
28 52
24 86
71 90
54 32
35 68
18 22
21 68
43 21
11 33
4 37
84 4
65 58
7 62
55 19
96 55
71 97
80 95
90 17
13 12
41 13
65 99
27 8
99 13
50 83
99 89
93 79
65 41
7 82
52 15
99 36
77 89
52 26
72 18
63 79
9 80
76 45
21 64
95 52
32 19
49 50
63 43
40 24
43 28
22 56
75 46
36 76
25 12
81 94
2 36
46 90
31 9
21 87
95 93
6 46
65 96
1 42
71 13
34 78
46 2
39 23
28 79
76 12
38 57
54 37
81 25
5 12
69 12
36 85
31 64
96 88
68 29
48 41
26 72
77 64
53 14
51 57
20 88
15 72
66 40
20 2
3 11
73 86
18 51
7 3
96 53
40 6
93 73
50 53
71 34
3 23
1 46
36 73
97 34
45 36
81 46
83 5
43 52
61 66
73 100
69 96
65 26
47 49
81 21
19 73
87 79
11 57
24 78
89 17
83 29
18 80
41 30
62 38
75 52
60 54
12 47
94 97
60 87
91 17
32 77
65 34
7 1
43 78
78 12
16 30
60 44
24 66
69 65
6 79
13 46
34 54
99 91
69 54
88 100
80 21
50 3
72 74
75 100
1 21
86 47
11 58
36 23
86 97
28 80
25 70
77 22
17 56
47 99
52 63
26 43
11 65
9 63
8 37
86 61
3 4
27 68
4 70
72 2
56 97
26 81
91 3
16 93
90 15
83 46
50 41
14 31
76 36
98 12
99 48
70 30
76 31
16 62
42 54
89 96
85 12
26 56
88 49
22 9
41 40
15 20
52 61
83 88
58 77
94 6
32 84
76 51
95 23
29 21
57 50
37 57
8 11
44 60
96 37
95 1
50 27
71 63
38 3
63 65
47 97
18 70
22 45
13 92
9 32
43 9
86 72
52 42
58 85
7 91
17 77
66 34
16 29
97 78
29 39
28 74
1 11
17 2
26 51
65 57
90 22
31 53
55 83
10 72
14 63
39 19
19 30
30 23
5 13
45 78
74 34
42 38
96 2
75 94
85 83
93 16
15 70
44 51
85 18
22 30
91 38
7 6
42 89
20 44
81 34
100 92
97 87
96 33
44 21
1 47
99 80
27 69
24 48
32 6
68 25
54 55
14 69
12 53
69 78
32 83
10 94
45 77
84 62
42 76
37 14
45 7
55 28
75 75
76 94
67 60
31 44
54 9
35 55
42 25
61 15
86 55
87 88
12 40
86 74
61 54
96 39
65 43
59 93
77 46
97 76
76 9
89 26
89 73
98 71
69 48
44 50
32 7
42 3
75 6
98 37
31 74
68 100
28 77
5 14
16 84
28 69
89 37
79 20
79 49
60 75
34 8
26 57
17 85
86 24
40 44
25 49
93 74
5 15
53 69
83 26
59 13
29 32
38 38
36 5
24 53
59 36
28 97
99 93
61 63
39 98
64 89
11 95
70 12
42 51
26 54
46 20
54 78
81 8
26 46
100 54
55 35
89 74
17 31
98 47
75 81
22 47
31 81
100 50
91 88
25 20
88 23
31 65
8 31
47 14
10 22
53 62
66 88
22 67
18 90
95 83
69 70
14 97
87 56
52 64
74 50
56 96
43 44
44 35
96 20
86 20
7 77
57 70
41 68
96 90
67 86
25 4
87 83
15 60
69 68
43 32
60 72
59 72
16 86
28 51
64 83
16 75
54 60
28 68
66 53
43 7
55 63
71 28
9 34
1 13
79 86
10 9
83 39
88 62
51 48
9 15
66 100
92 74
67 100
67 21
89 5
3 74
41 90
55 5
52 89
70 71
97 50
33 13
35 80
65 15
48 47
21 84
58 60
60 5
39 40
49 68
6 2
55 52
31 90
30 88
36 8
44 72
31 69
80 31
40 23
60 17
96 7
77 44
29 61
92 19
1 63
8 19
84 61
34 53
65 85
48 97
76 19
28 33
57 12
75 33
37 93
63 57
33 39
80 59
39 99
36 98
51 28
96 29
14 77
74 77
10 25
62 21
58 24
81 6
56 56
26 40
15 85
59 28
92 100
100 33
15 78
17 81
65 77
51 27
67 72
96 83
39 77
5 16
91 80
23 9
51 76
31 40
45 14
61 24
78 81
5 17
43 24
54 2
43 79
97 49
27 90
13 23
28 46
6 51
70 24
44 4
81 87
60 84
8 77
100 43
28 28
99 31
23 45
35 21
71 73
36 20
45 15
55 51
7 85
48 3
23 43
31 67
24 35
48 21
4 5
51 100
48 63
88 83
71 25
81 91
41 88
32 59
42 87
47 5
66 71
30 96
85 14
35 77
1 85
86 1
97 19
35 62
23 4
52 24
88 58
66 59
53 79
87 34
100 24
78 50
58 73
40 57
85 48
28 10
69 8
76 11
20 6
69 10
9 36
92 80
15 22
33 64
40 98
5 18
19 66
47 7
9 66
39 7
100 96
1 99
46 6
89 84
64 60
56 36
37 70
42 23
56 12
40 5
30 51
66 28
9 74
25 66
43 60
78 14
12 75
53 91
35 96
93 90
66 52
35 36
12 13
21 20
92 70
34 46
6 59
27 94
26 4
46 76
80 35
53 46
22 17
15 14
37 25
87 87
45 44
35 75
24 74
56 46
49 20
38 50
33 23
58 79
25 69
93 32
79 22
38 20
59 70
35 14
83 30
30 8
72 77
12 9
73 7
84 64
50 86
85 29
76 73
60 67
11 74
38 17
96 60
15 99
75 18
79 39
89 41
14 55
55 4
78 20
38 70
6 53
76 81
88 1
59 14
38 99
2 87
86 39
58 50
76 26
34 57
10 31
43 26
61 98
17 95
23 93
66 21
1 68
37 8
59 18
38 54
55 6
60 45
99 50
67 61
75 38
70 100
28 47
28 32
91 91
80 14
93 81
88 66
77 43
29 17
70 64
73 42
84 68
88 33
63 32
8 35
14 33
25 27
7 21
50 24
13 30
94 62
80 38
91 87
27 52
83 97
72 75
19 70
26 85
49 45
78 13
44 95
18 14
25 60
50 74
98 6
2 78
71 33
73 66
97 42
5 19
84 16
94 96
31 77
79 4
34 40
96 94
42 24
14 57
61 29
63 78
17 42
1 98
53 74
48 76
31 70
13 83
80 56
38 83
6 77
73 94
95 91
53 58
11 90
19 21
13 33
8 34
2 79
63 51
59 61
20 10
29 89
95 98
38 31
4 91
83 92
90 92
4 63
80 49
93 6
89 80
19 74
40 8
4 81
47 36
50 40
77 67
49 78
47 10
23 72
63 8
29 15
19 61
52 49
16 73
30 39
26 26
32 13
83 77
80 13
76 38
50 68
49 71
24 9
28 30
86 25
82 22
73 98
8 50
83 41
29 37
80 63
77 23
54 31
64 68
74 83
23 37
51 21
49 70
69 79
74 99
75 78
14 52
62 14
57 83
96 92
72 98
13 88
40 68
21 100
46 17
78 48
10 21
64 40
56 80
64 24
41 45
53 56
83 63
48 33
34 23
66 48
91 79
7 45
30 47
50 19
48 59
52 54
25 98
64 95
12 43
22 43
13 74
31 88
82 96
16 71
18 16
31 26
22 34
36 57
25 64
18 65
81 49
85 82
79 95
27 35
10 73
4 16
74 5
31 73
91 6
91 15
15 43
18 67
25 52
78 75
57 48
40 64
32 75
97 47
64 51
96 1
42 72
25 95
20 12
99 41
62 17
68 6
23 88
59 38
6 89
22 26
71 3
16 51
54 4
35 40
12 79
19 51
64 17
6 64
12 54
18 54
60 32
6 18
34 14
27 6
63 13
25 37
36 26
48 79
35 50
16 56
65 73
56 66
11 38
85 25
19 79
16 11
54 66
41 49
46 58
11 56
14 26
94 67
13 79
40 15
82 87
51 49
94 66
14 43
14 25
59 65
51 1
29 76
54 84
60 58
34 74
64 27
69 20
41 46
36 18
26 70
18 8
29 70
44 64
97 23
72 32
93 36
33 52
92 34
92 4
37 89
43 50
59 94
63 36
16 6
92 35
19 4
99 26
21 62
61 26
40 99
34 32
83 86
50 90
31 61
80 83
69 26
88 13
29 50
91 43
34 97
71 18
12 7
64 23
94 75
8 24
32 56
69 81
22 74
46 15
96 57
36 34
56 22
76 28
25 100
43 55
90 6
64 18
100 68
73 93
56 85
63 28
15 6
52 77
16 94
12 29
66 97
86 30
26 52
39 14
89 64
7 19
19 17
41 54
2 61
51 89
58 32
36 69
18 49
58 55
20 45
82 38
87 33
83 55
67 51
56 99
10 49
88 4
23 61
5 20
11 14
60 83
58 97
25 15
19 40
50 29
82 13
67 57
15 47
36 77
42 79
3 60
37 34
37 62
47 54
81 74
72 15
55 58
83 61
9 5
30 35
3 36
59 57
45 72
4 26
95 67
27 81
55 98
51 78
7 9
72 96
87 92
48 39
61 67
21 10
63 22
56 31
100 2
3 33
64 31
15 53
96 21
78 15
95 34
100 44
38 48
52 2
38 86
79 89
62 75
76 23
36 1
43 69
40 97
31 92
74 20
95 56
54 57
100 11
3 10
25 17
96 30
22 38
25 65
93 12
92 6
55 36
22 63
99 28
66 11
46 79
2 6
72 16
17 93
18 61
14 17
66 92
21 27
69 41
80 99
28 44
10 91
91 25
82 98
83 10
23 52
44 9
37 7
52 72
76 34
93 39
74 32
97 8
33 2
16 58
32 87
38 61
77 61
62 64
68 14
49 52
16 54
98 15
26 53
43 70
95 87
69 99
34 90
23 59
9 47
72 81
12 60
70 89
32 62
42 35
16 10
72 34
73 57
2 8
96 61
8 30
70 9
74 81
12 57
20 16
5 21
30 3
34 30
26 12
12 88
79 37
65 86
67 66
52 6
38 75
9 37
86 81
42 5
89 21
21 29
77 27
43 76
60 66
47 27
74 3
47 58
57 92
33 76
35 9
68 69
69 44
30 42
33 17
52 43
71 85
5 22
84 6
72 3
60 37
64 62
41 73
83 82
86 60
100 34
50 100
72 52
76 74
45 51
95 58
84 89
96 19
89 59
51 68
25 67
51 93
25 51
57 95
81 5
1 75
85 27
47 57
92 25
83 70
33 68
39 100
28 95
61 53
5 23
73 33
19 99
27 48
98 46
68 80
56 98
9 26
34 56
69 64
23 90
50 47
42 81
77 19
60 96
13 24
65 55
12 32
41 65
65 59
42 91
16 36
43 35
24 2
83 31
74 28
92 92
97 90
38 34
60 51
15 96
26 24
21 37
11 93
75 16
2 94
77 76
50 82
78 9
87 6
32 79
65 66
41 96
94 99
31 54
1 94
92 89
79 46
28 43
21 40
51 72
51 64
70 23
13 6
6 35
85 59
16 46
34 73
25 13
56 69
56 44
86 68
76 5
26 36
28 31
35 44
10 65
13 61
86 40
66 51
41 28
99 62
84 86
88 50
34 59
1 92
74 59
51 30
99 4
82 51
20 57
52 12
60 48
15 29
35 86
95 61
54 21
95 19
17 61
72 99
70 57
41 77
16 47
50 70
65 53
32 90
76 58
68 91
21 69
41 21
6 91
49 75
68 86
35 1
4 87
18 24
78 76
77 28
78 16
76 98
62 33
8 27
85 71
49 17
73 77
38 28
45 88
74 36
56 23
3 51
59 64
100 73
3 100
25 28
64 37
95 30
5 24
89 71
24 47
16 39
57 93
43 80
69 62
11 99
11 19
10 43
78 82
33 55
86 64
79 5
11 55
55 92
23 6
70 43
4 2
3 52
54 70
52 84
68 57
75 36
42 68
57 96
70 62
90 60
11 61
2 42
13 59
83 17
34 71
28 92
63 77
75 10
11 52
17 8
90 12
4 44
66 5
4 49
70 56
15 26
31 31
70 48
12 48
99 57
11 8
51 61
77 79
21 90
15 28
37 88
56 10
57 68
13 9
55 77
30 43
4 68
26 21
8 63
24 14
28 39
67 85
79 76
69 92
94 29
87 30
34 94
38 14
97 12
20 48
23 36
48 17
59 27
66 87
78 97
29 75
53 71
90 26
51 29
9 22
47 92
1 61
9 86
26 61
45 20
94 28
73 48
30 10
80 15
13 76
54 50
37 94
93 33
49 27
10 100
77 25
63 91
56 87
85 97
30 86
1 6
40 94
81 41
40 100
77 3
90 61
46 80
22 40
78 49
33 80
60 49
63 52
33 35
36 36
80 96
44 6
70 18
100 30
9 83
31 27
12 82
8 95
27 59
54 16
85 5
50 55
91 86
23 89
42 40
85 91
62 68
36 82
38 91
25 88
42 16
10 76
4 78
62 22
13 100
90 53
90 16
87 24
84 27
47 79
70 7
7 2
66 91
71 67
94 92
42 83
70 90
72 64
47 43
58 4
13 5
90 65
65 72
75 28
100 18
34 26
47 42
46 44
37 68
84 55
68 67
60 90
1 14
92 65
17 58
29 33
14 21
1 43
62 32
94 74
78 38
67 11
81 60
98 75
67 18
79 71
41 18
53 66
64 97
71 92
42 42
94 37
3 55
89 72
97 45
87 66
81 56
76 2
38 40
83 68
99 44
7 71
6 19
12 3
48 95
87 44
84 21
36 40
64 65
91 62
8 44
68 83
61 36
53 42
49 23
76 44
24 21
8 36
7 89
6 58
6 40
27 41
66 17
85 58
91 65
4 75
39 61
19 63
70 33
94 98
31 16
24 26
4 90
81 19
78 87
31 8
49 10
77 87
14 74
2 90
96 35
5 25
16 81
24 27
14 16
24 96
39 49
63 82
59 74
71 10
6 42
61 8
37 71
81 37
80 26
61 35
40 48
58 53
65 20
74 96
32 73
8 67
9 91
81 39
25 84
43 77
95 28
98 57
49 31
66 23
59 56
68 17
9 31
47 26
48 24
62 96
92 20
8 74
59 1
76 14
43 59
88 61
11 59
22 99
83 45
35 71
42 59
54 7
26 84
77 90
99 84
23 5
89 48
56 7
56 40
75 50
24 57
98 39
87 43
74 82
64 13
79 59
28 1
19 39
2 27
3 8
63 100
78 32
33 90
10 84
73 14
47 21
8 70
83 53
18 91
14 72
100 51
44 81
19 42
100 38
66 93
60 39
81 40
66 36
64 45
86 85
78 65
50 99
68 9
69 28
19 71
5 26
53 12
25 80
91 10
58 12
86 3
19 48
86 43
46 5
6 8
84 54
56 54
89 67
34 33
100 74
72 31
71 9
35 66
82 7
12 6
48 71
31 51
74 90
29 66
79 24
71 26
13 29
78 94
67 82
98 96
45 16
58 71
91 22
12 95
99 32
16 63
27 31
37 6
18 99
68 56
89 87
98 40
88 60
18 21
2 33
51 51
39 66
44 33
99 5
59 24
32 31
56 25
88 71
22 88
14 29
54 26
67 13
41 87
99 12
7 87
33 54
29 67
42 2
95 13
68 38
92 43
55 21
40 4
22 25
11 98
5 27
59 10
90 69
15 81
81 54
67 1
69 93
31 4
75 56
37 45
76 49
96 27
14 68
4 12
16 66
86 8
61 1
95 32
36 74
97 18
18 52
76 47
71 29
23 23
58 33
79 26
31 83
45 82
83 71
66 68
21 67
20 56
1 100
23 7
78 64
27 67
95 9
32 32
17 20
25 58
52 25
39 95
5 28
48 65
3 59
34 36
52 82
23 57
51 94
54 82
28 73
78 29
54 99
29 51
14 1
23 51
24 58
76 24
71 2
95 51
73 47
83 56
46 28
68 59
90 41
72 83
96 89
28 19
64 42
69 77
32 48
52 66
22 77
17 55
51 71
55 40
89 16
99 74
75 11
30 89
8 46
21 41
12 16
82 47
99 67
88 8
95 46
81 70
62 100
14 100
45 50
98 25
11 78
31 45
94 9
57 80
21 30
81 12
26 11
68 98
51 24
98 23
51 4
12 66
67 80
82 35
7 70
60 16
24 51
45 98
20 24
1 90
74 13
54 51
89 58
72 90
5 29
66 33
21 11
73 9
35 22
78 69
29 9
98 95
72 39
2 48
29 58
68 60
36 71
91 42
6 76
61 74
32 55
43 92
4 42
92 97
8 53
47 95
59 84
62 50
79 43
29 38
11 77
51 40
39 50
51 52
83 14
61 33
13 65
67 92
10 46
53 67
50 80
58 2
53 72
72 76
18 59
73 52
65 89
64 39
77 92
6 43
5 30
54 12
75 83
57 24
65 50
33 78
49 21
53 39
82 48
32 42
8 73
87 11
10 55
67 96
68 88
30 70
94 32
80 94
93 71
41 11
76 15
33 73
47 67
83 22
66 57
80 11
22 100
20 73
64 30
94 57
34 76
100 67
87 42
31 35
98 91
60 81
46 3
100 19
6 3
21 3
87 10
79 19
31 13
85 85
9 76
68 47
5 31
21 46
26 9
48 25
35 28
39 46
98 35
38 71
83 49
15 35
41 85
60 27
68 2
11 7
89 85
7 61
28 93
11 100
39 47
7 86
82 52
69 6
66 8
55 97
23 95
71 100
64 36
80 91
50 31
10 36
24 1
50 93
88 5
21 44
42 64
33 83
8 52
90 52
23 19
76 52
82 85
80 36
15 95
49 58
86 23
44 52
93 28
8 20
11 88
64 74
10 28
100 63
75 43
18 28
62 74
44 17
64 61
59 19
22 52
34 16
76 33
37 2
85 94
64 48
98 17
24 4
29 1
77 37
82 74
77 82
57 49
73 78
96 80
30 87
26 77
47 1
97 3
26 38
21 15
37 69
44 44
41 70
39 93
58 30
2 9
48 91
34 77
74 14
33 7
34 80
23 12
23 39
96 13
27 60
82 86
12 17
30 77
30 67
72 51
90 5
85 54
32 53
35 69
97 10
6 50
14 84
75 22
66 95
57 29
31 5
90 71
71 89
10 83
39 75
60 11
64 19
9 78
61 9
3 88
75 55
9 73
66 16
26 41
93 99
81 65
19 24
26 79
70 59
57 32
27 87
68 19
74 62
55 84
59 79
72 1
39 42
99 88
45 90
81 32
29 68
100 91
53 60
43 16
58 96
53 100
95 99
25 92
68 99
38 72
7 7
27 65
93 97
46 59
41 27
81 30
43 68
90 66
58 19
37 98
99 9
91 44
57 7
2 93
53 31
61 42
82 90
92 77
2 68
9 6
62 41
20 31
77 48
98 52
84 98
86 99
33 9
17 50
4 56
27 55
28 34
90 81
100 45
40 87
11 10
79 79
45 43
19 59
83 24
12 38
4 28
92 85
37 48
1 3
74 74
54 74
71 30
57 63
28 70
73 37
88 36
22 97
92 99
50 58
93 72
96 93
43 56
76 87
47 50
100 31
64 79
13 47
24 52
72 93
9 3
97 79
79 45
2 60
28 7
94 41
65 31
11 21
100 22
90 82
67 87
81 71
15 31
24 79
81 63
10 97
59 83
100 21
17 39
4 92
51 86
44 27
64 5
20 95
43 87
5 32
13 77
23 47
75 84
73 36
20 17
5 33
44 71
60 9
76 68
69 66
3 83
89 65
12 46
60 99
23 69
69 87
57 40
56 75
84 85
29 78
31 34
6 24
61 61
20 55
80 12
85 11
50 2
80 40
100 56
78 56
6 69
29 63
16 21
22 79
39 60
3 32
35 89
71 56
31 43
79 81
62 42
73 25
43 64
82 43
98 82
25 9
30 6
59 52
7 90
18 7
31 80
70 50
64 11
8 41
64 93
90 70
1 71
44 13
42 8
75 93
51 84
16 45
33 32
16 85
69 43
5 34
86 88
81 27
23 60
56 18
19 15
72 59
77 7
88 7
92 3
46 43
57 69
2 38
44 91
51 75
99 54
28 53
77 70
67 28
46 63
19 27
65 93
7 28
71 20
32 14
46 68
69 89
40 30
31 28
90 84
14 67
40 95
100 87
40 83
85 67
1 27
88 67
26 16
4 8
100 69
66 10
31 59
64 59
58 10
79 2
21 71
34 4
33 18
59 29
26 6
94 73
46 74
7 67
50 89
99 2
11 85
43 100
95 60
23 29
22 22
77 4
83 28
12 99
87 69
84 51
1 97
66 62
28 22
100 40
8 68
87 60
95 27
44 67
33 33
30 48
77 99
56 88
16 9
24 46
39 55
16 8
55 87
18 6
78 27
63 11
74 29
91 83
84 15
50 97
52 75
95 75
47 62
93 20
36 31
54 63
52 5
62 89
26 28
79 96
2 20
15 82
24 81
3 96
34 72
44 40
85 90
100 86
53 29
64 75
62 4
23 70
72 8
83 47
93 4
27 62
94 56
65 84
90 14
73 56
94 25
48 36
71 53
20 79
47 25
81 2
66 84
65 65
61 41
93 70
74 53
98 72
44 55
36 37
36 94
30 5
36 22
3 81
80 85
17 49
87 57
88 55
91 18
4 17
56 59
12 76
74 51
6 23
70 27
70 87
82 76
96 100
41 75
62 72
92 40
25 82
83 99
4 14
89 77
9 60
61 72
73 30
48 15
7 79
100 25
49 35
24 5
63 50
25 7
34 31
64 81
24 44
75 76
15 62
57 94
6 82
16 69
78 28
84 18
88 39
55 2
18 1
89 86
38 69
86 66
29 88
86 94
64 29
32 50
32 60
87 96
62 56
46 10
16 3
79 98
45 5
43 42
76 61
7 39
3 58
69 4
79 42
4 15
71 62
30 25
5 35
98 83
57 45
2 69
73 44
26 94
19 89
40 33
55 54
82 41
84 59
78 66
39 64
92 16
62 51
75 89
81 82
16 43
52 71
11 5
60 46
90 8
80 66
61 88
74 25
30 12
92 60
26 73
1 96
28 100
2 26
98 87
98 62
85 42
48 86
63 44
55 55
51 98
74 73
73 12
49 1
59 23
84 46
29 8
89 8
80 48
89 33
29 40
5 36
52 29
87 36
2 34
14 42
57 100
11 6
29 81
62 23
2 82
53 27
17 36
55 66
42 55
72 19
71 88
3 53
76 85
51 7
2 66
95 18
21 98
46 99
29 29
40 89
34 50
90 1
39 13
61 55
96 51
22 68
40 46
37 54
74 12
55 78
60 28
27 71
43 72
61 43
12 28
44 2
29 18
90 47
58 43
11 31
84 7
98 70
20 38
88 92
21 80
87 100
12 19
66 79
34 35
87 29
40 47
45 62
51 90
76 70
59 46
23 96
27 26
55 65
3 79
36 90
18 40
58 87
3 98
61 17
51 85
50 67
64 69
33 96
7 81
36 25
35 27
64 53
16 57
17 60
51 22
9 8
78 61
82 40
44 38
68 81
47 37
81 80
27 49
57 46
18 58
7 74
76 35
30 13
91 40
16 41
85 88
92 53
21 88
73 65
72 79
60 65
12 62
28 27
87 40
22 35
86 93
83 94
47 94
100 47
44 53
80 71
28 75
71 82
11 46
63 92
100 20
75 4
69 33
50 14
47 61
67 79
100 41
72 26
43 89
40 81
62 1
70 69
88 52
25 93
96 65
67 94
33 74
98 11
77 16
5 37
63 54
82 23
43 58
24 72
22 71
34 52
11 62
53 83
24 41
55 86
18 69
87 68
53 90
47 41
53 13
9 38
81 10
24 100
1 57
14 61
28 98
32 93
62 30
64 8
62 79
80 92
91 75
45 10
23 64
19 76
13 97
95 24
68 78
20 71
57 75
68 77
21 58
44 86
22 39
52 51
89 61
71 98
36 62
6 84
46 77
19 35
65 94
69 76
73 92
52 44
58 16
26 75
35 65
76 41
94 17
56 83
29 20
96 73
15 88
5 38
40 18
66 86
37 23
99 33
1 26
94 94
75 99
28 83
60 22
78 25
71 64
19 64
13 86
12 55
73 27
83 15
60 78
37 32
66 38
91 59
58 68
22 73
68 53
83 73
31 41
41 82
20 96
99 59
61 97
80 76
45 70
59 90
53 35
80 90
59 54
82 72
80 45
74 75
25 2
8 79
4 50
19 13
94 45
68 76
66 67
85 37
24 20
35 11
7 55
18 84
19 80
63 59
79 55
75 64
27 50
43 91
18 57
26 25
19 94
72 37
93 45
39 24
94 24
57 42
31 1
60 93
72 22
71 69
100 99
96 38
66 69
38 87
89 53
38 46
34 49
39 88
13 85
41 76
38 44
1 53
90 74
74 97
8 93
23 68
67 29
57 71
63 94
38 29
78 80
9 96
58 84
62 69
33 6
46 95
63 30
79 53
87 80
38 9
94 10
95 50
60 10
40 90
22 62
37 17
46 48
31 56
96 36
85 89
38 10
83 85
12 100
48 75
88 57
55 25
82 79
4 34
54 40
48 45
60 68
32 58
51 74
53 96
10 77
87 99
47 63
49 57
100 17
18 78
13 98
5 39
94 1
88 96
77 6
73 16
100 88
86 36
86 98
1 25
82 65
74 65
26 95
73 23
15 5
54 44
68 87
14 13
29 36
40 7
53 78
38 22
54 85
75 2
37 96
72 65
92 12
54 35
17 74
51 12
85 79
17 38
53 99
16 37
88 77
61 12
15 52
25 57
50 7
19 20
72 54
35 94
84 17
2 80
80 100
23 22
55 26
84 63
97 26
87 53
89 83
61 34
17 83
4 71
16 52
37 35
90 4
33 38
56 27
9 45
32 51
37 67
11 25
64 44
89 32
67 35
76 16
96 18
99 6
28 12
52 78
43 54
6 99
52 14
43 43
35 18
54 22
48 1
77 74
59 6
24 23
52 85
10 70
88 38
49 55
84 87
64 2
57 91
90 35
31 24
75 69
10 58
25 79
39 67
7 99
32 35
56 3
82 4
82 53
61 95
18 72
94 90
57 72
56 74
13 43
24 91
43 15
9 2
12 69
44 69
70 81
35 4
37 85
47 51
20 94
18 37
61 69
86 84
3 31
33 60
80 41
63 38
18 95
43 23
10 16
30 21
41 4
67 52
43 81
57 53
46 47
5 40
82 16
56 64
31 42
13 39
30 28
9 71
60 23
64 20
64 33
97 71
43 94
8 54
29 95
68 93
80 80
40 85
9 52
59 26
44 11
29 35
68 43
100 71
86 27
31 68
99 23
27 98
30 9
82 10
24 43
13 67
52 55
69 69
57 8
87 94
55 56
93 61
74 86
85 17
16 67
15 68
80 29
61 93
2 15
77 53
35 100
7 95
62 94
45 67
43 36
46 65
27 61
10 8
49 30
99 92
8 38
40 29
99 56
1 67
1 81
8 58
83 16
9 85
20 50
61 46
54 76
37 99
69 94
52 20
16 98
71 1
67 3
38 78
94 65
5 41
55 32
57 16
90 29
33 5
22 89
5 42
55 91
43 67
70 80
18 48
9 46
55 96
22 49
61 87
91 93
29 23
36 79
41 14
35 30
8 82
48 27
81 4
96 70
96 48
34 48
27 29
56 62
68 24
14 37
76 20
68 11
91 68
97 32
5 43
66 15
94 76
35 31
47 88
56 48
83 64
90 10
89 69
85 78
5 44
65 38
46 39
60 79
37 61
29 79
40 82
66 37
27 83
51 14
83 48
53 45
84 1
17 84
43 34
79 70
62 61
81 78
58 62
11 48
5 45
32 97
91 19
35 95
29 4
11 53
56 32
6 39
10 56
90 93
53 16
21 34
7 80
37 31
37 39
52 59
97 44
43 39
14 71
71 74
76 72
20 25
98 86
75 44
88 3
80 17
6 75
65 33
82 81
74 58
84 91
20 58
35 32
86 12
8 89
17 45
40 32
44 42
71 21
2 37
40 55
21 91
24 93
43 10
59 20
77 12
58 9
21 33
9 62
65 81
15 16
17 12
32 57
9 35
40 45
81 100
26 47
36 52
26 59
51 47
62 62
35 58
59 37
75 20
51 69
85 76
52 47
17 88
27 57
71 60
65 1
18 94
38 73
91 90
66 47
31 14
4 53
50 91
75 21
72 68
41 44
89 35
63 88
18 3
35 76
74 60
12 84
6 95
23 27
51 50
98 54
54 13
44 57
92 78
43 49
12 5
25 83
70 32
85 49
17 82
18 29
90 90
61 68
4 27
66 63
20 18
4 86
67 77
43 45
13 44
33 19
56 26
17 100
84 70
10 89
21 36
94 71
30 24
49 83
11 96
92 30
67 23
63 70
91 70
62 55
25 47
60 25
9 27
8 47
9 39
42 17
24 30
79 82
36 68
99 11
33 15
96 50
98 4
92 46
20 39
32 27
99 81
93 89
41 47
57 27
45 3
64 22
82 21
6 57
36 47
86 59
89 20
54 38
97 92
95 64
73 70
56 35
59 67
67 46
75 31
73 85
98 19
45 49
10 64
69 42
38 58
76 8
58 5
29 14
67 39
68 52
46 69
87 31
22 95
83 100
45 95
54 30
97 96
51 5
19 78
63 66
52 7
18 92
86 70
23 32
98 2
6 45
65 82
17 29
95 53
57 17
95 73
19 28
55 100
28 65
15 74
4 74
76 43
77 40
97 41
55 13
83 81
99 51
94 46
13 57
17 25
12 10
16 42
70 76
92 66
8 97
80 4
24 88
34 22
15 58
57 41
76 84
31 66
97 95
97 13
48 23
9 43
81 28
83 90
40 50
99 49
15 24
90 68
55 41
55 11
28 67
52 36
48 38
63 61
56 41
30 54
43 46
12 36
27 100
72 21
84 37
34 18
22 50
57 66
36 89
8 61
19 65
23 66
82 37
38 47
81 26
55 59
15 67
66 56
27 97
61 90
22 20
60 85
10 75
2 52
6 49
60 59
82 97
33 43
42 71
100 62
10 53
29 24
70 45
7 65
56 28
81 24
29 41
87 89
72 78
22 32
57 38
27 45
78 95
84 66
7 43
65 39
53 77
72 10
34 92
6 6
5 46
18 10
8 56
91 76
90 79
28 56
79 68
96 76
44 26
90 3
5 47
12 22
38 59
29 43
35 35
14 94
14 49
57 30
35 93
95 26
65 80
97 67
17 73
33 93
60 3
23 80
49 6
24 75
67 88
24 22
42 45
68 15
89 10
26 100
10 68
42 46
20 93
15 30
9 24
19 10
54 11
67 48
11 68
60 64
51 9
6 73
52 87
70 35
87 86
24 42
25 73
100 6
83 96
34 87
98 100
34 86
15 32
32 44
7 44
22 23
38 64
68 12
13 80
83 9
62 39
93 1
57 19
22 6
66 6
2 100
45 94
33 3
67 63
9 18
93 77
8 15
55 31
46 93
96 40
90 73
19 23
39 25
75 15
41 36
24 85
85 44
8 98
96 59
60 82
68 37
94 54
64 26
24 61
93 5
52 3
84 34
57 87
39 22
5 48
15 42
73 19
96 67
40 59
19 50
51 77
38 67
95 35
42 52
73 21
41 53
5 49
54 94
73 75
8 5
18 97
2 32
76 6
72 61
24 37
89 39
15 64
11 42
89 31
89 23
45 58
59 87
78 34
71 46
69 80
39 6
14 80
87 65
33 16
58 57
83 51
3 99
29 52
79 61
73 82
70 83
86 89
27 58
2 31
60 31
61 7
36 44
95 10
19 83
2 29
59 39
39 36
1 22
51 70
37 4
48 74
13 72
20 35
9 7
85 52
81 38
33 42
47 24
93 69
71 93
39 54
58 49
34 1
54 67
29 5
79 34
22 42
92 81
9 59
97 53
100 49
6 31
12 74
41 79
9 30
93 82
64 25
32 2
13 37
28 57
74 95
92 39
33 99
86 53
5 50
26 37
65 42
47 98
84 74
22 55
86 100
85 57
85 36
70 68
81 36
91 1
84 88
52 99
15 69
32 89
17 22
30 19
23 25
35 99
57 74
64 47
92 52
28 66
37 19
45 30
57 73
36 29
84 47
95 6
26 90
84 94
40 38
89 50
2 97
2 24
55 3
21 28
53 24
94 69
33 40
47 23
30 14
9 50
80 64
49 39
92 38
71 83
33 89
78 71
97 58
4 65
82 55
41 16
38 80
89 6
4 47
45 9
87 51
66 80
25 89
7 63
16 5
16 79
95 69
95 11
25 16
93 7
5 51
97 80
59 15
30 80
41 41
3 20
32 49
1 4
10 48
100 52
72 70
86 69
84 31
80 51
20 47
22 11
84 69
68 95
11 24
81 85
69 98
71 11
13 68
24 34
18 50
93 49
84 83
61 18
78 31
13 19
82 88
39 57
25 76
53 47
56 89
38 43
14 32
90 20
93 64
49 3
90 91
93 27
39 63
18 30
23 85
33 21
97 30
24 32
5 52
42 12
44 5
65 16
33 48
1 19
19 77
62 13
57 31
15 84
44 88
30 75
99 29
91 60
30 66
87 26
75 29
96 31
63 62
92 11
80 93
71 91
58 31
14 18
88 84
81 31
46 21
38 11
34 28
4 36
70 20
88 20
91 5
66 26
56 11
95 92
64 98
53 57
44 66
68 44
9 97
44 48
39 3
45 63
54 5
87 13
93 78
52 38
31 95
56 2
24 38
46 82
3 44
68 21
16 65
15 80
86 82
93 24
98 30
54 33
35 92
47 48
96 98
27 85
71 49
95 38
28 63
39 44
63 1
82 67
63 14
13 27
28 20
13 71
19 12
90 11
10 37
61 25
45 71
35 45
77 54
32 41
20 60
89 54
88 63
80 79
67 9
25 94
59 71
89 51
70 65
50 28
92 58
57 20
40 3
20 75
4 54
75 88
98 22
33 29
58 41
28 87
99 30
19 22
49 37
94 49
37 28
16 60
51 99
39 56
14 89
85 68
69 31
80 73
66 65
73 51
46 18
14 4
47 52
18 19
45 99
72 100
16 87
74 31
88 45
63 20
5 53
75 49
91 97
84 90
76 56
46 84
27 53
10 34
86 86
24 55
9 12
6 85
88 46
60 76
2 44
77 50
84 29
88 16
1 10
30 56
27 36
58 88
25 74
11 11
72 41
85 100
38 33
63 18
20 65
21 18
3 62
51 87
26 44
49 33
42 86
80 2
90 75
2 46
40 10
91 67
61 89
78 78
30 93
48 10
72 67
68 27
60 70
32 63
37 83
91 56
94 47
19 26
69 36
77 10
13 53
30 55
32 86
77 29
18 35
34 21
4 77
72 12
91 54
22 59
46 41
44 58
3 48
89 38
65 54
95 89
63 31
44 8
53 59
16 70
30 49
45 57
6 92
62 16
41 81
58 54
51 17
52 28
13 49
43 4
28 16
72 66
80 68
51 82
26 45
47 60
25 50
96 24
53 33
52 79
17 13
25 23
5 54
92 36
61 84
65 87
5 55
25 40
24 89
75 35
47 83
98 53
29 53
36 30
16 99
90 59
60 69
61 91
80 28
17 99
96 46
38 66
99 100
68 33
69 58
91 35
53 43
33 12
68 71
46 38
42 48
82 56
5 56
63 81
60 30
64 99
16 31
39 43
75 67
77 42
6 61
62 91
82 36
21 59
74 19
13 15
83 4
49 26
88 34
14 27
55 23
84 23
61 76
14 28
14 54
47 29
19 9
66 99
66 2
62 99
21 13
87 18
26 42
92 73
34 20
37 47
49 29
11 13
15 41
61 58
17 76
61 31
5 57
64 55
58 63
14 88
1 83
100 9
100 100
28 85
71 55
37 53
63 6
59 86
47 35
54 86
28 25
2 63
7 53
91 74
62 53
68 42
77 71
42 6
53 1
44 68
80 54
18 20
27 70
12 18
92 21
96 12
57 33
31 19
21 16
48 14
41 19
42 1
73 29
6 63
100 23
49 24
16 96
73 84
67 17
23 55
20 51
3 47
13 91
65 97
65 64
57 62
27 13
83 57
1 88
65 18
100 65
40 65
25 71
86 54
88 95
87 27
55 46
22 65
83 80
49 86
17 41
32 29
61 96
68 7
22 18
65 71
62 15
68 3
82 34
25 33
13 62
24 68
72 38
75 91
65 69
78 51
88 11
48 34
95 20
80 50
50 71
15 75
93 100
33 79
62 63
2 7
96 56
23 16
65 9
77 75
87 17
7 22
72 43
23 53
5 58
15 21
85 28
49 46
73 10
92 18
6 32
56 94
34 44
74 72
80 44
56 92
26 76
71 54
91 31
51 58
50 44
29 74
45 74
54 36
89 1
76 10
53 64
78 5
47 12
65 61
40 1
54 89
36 60
16 72
16 91
73 60
72 89
53 11
98 89
23 49
77 9
74 11
3 25
46 89
79 23
64 49
32 30
23 75
56 60
21 79
98 13
95 17
42 4
99 18
94 72
38 85
14 35
8 65
90 80
39 37
92 62
51 23
40 37
48 78
100 39
2 45
49 79
15 34
7 58
84 28
77 80
39 96
94 81
89 76
79 57
71 43
9 51
7 33
35 25
49 96
59 82
48 100
71 59
7 23
66 29
93 17
4 67
96 28
78 17
91 61
93 60
22 4
85 98
84 71
26 68
20 3
40 72
87 84
95 15
59 33
87 62
80 72
74 4
99 22
99 42
10 47
52 50
36 87
6 74
96 11
1 9
7 98
4 29
53 20
87 63
36 65
38 89
18 39
86 79
92 59
80 52
21 66
66 18
19 84
87 71
36 70
99 64
89 99
97 25
92 27
73 2
92 88
88 35
8 29
5 59
23 28
34 66
50 72
3 70
42 96
43 75
66 60
90 37
99 24
71 16
31 86
71 71
38 23
32 95
33 8
84 36
24 13
11 66
62 37
70 86
11 73
11 67
24 18
37 92
32 52
94 8
56 34
78 11
98 18
91 58
80 10
94 88
8 90
55 80
88 27
94 38
79 35
95 85
11 82
23 31
96 22
96 86
42 66
38 39
2 55
56 20
80 53
84 5
86 10
6 72
31 84
81 52
65 78
14 40
48 83
57 78
37 15
27 89
10 63
67 78
42 43
16 38
52 93
25 1
30 17
55 48
95 49
60 12
32 25
72 5
97 77
62 44
12 56
8 16
95 59
99 75
59 11
80 57
99 94
24 98
59 81
94 80
91 12
19 19
79 94
34 2
11 94
70 46
91 66
32 98
23 17
96 43
15 27
54 34
82 61
67 59
19 2
20 52
7 52
89 81
72 86
94 48
55 37
71 42
68 63
50 21
100 64
20 34
15 87
74 52
63 9
12 97
10 23
61 14
69 72
77 65
47 64
3 73
54 18
40 61
32 81
98 31
62 19
28 64
14 90
81 81
56 45
32 38
36 93
69 53
36 48
81 18
15 37
96 87
49 34
96 5
100 60
53 53
89 11
12 68
1 29
49 14
15 83
19 96
25 72
70 60
48 67
36 14
68 1
81 1
68 4
6 78
75 86
12 25
78 83
71 87
40 77
47 22
99 99
5 60
47 17
21 51
97 6
78 68
55 10
41 59
94 85
65 8
71 70
2 70
97 91
90 57
59 32
96 69
78 100
17 75
77 66
56 57
57 89
33 53
7 75
82 29
66 35
27 46
61 30
88 68
19 86
14 78
54 27
84 72
78 59
19 5
96 10
63 72
85 95
29 47
95 21
2 83
79 36
15 61
57 21
53 97
52 65
7 5
88 97
39 38
68 28
65 2
95 80
98 69
59 92
70 17
73 61
86 48
99 98
16 92
58 28
53 22
3 64
31 93
62 12
90 43
76 17
99 95
8 9
97 27
4 95
2 86
77 81
45 21
84 96
1 69
89 15
100 5
8 99
8 18
93 75
23 10
21 83
44 78
90 99
80 23
1 79
75 53
54 69
54 24
26 50
1 8
41 33
98 43
13 28
36 58
49 19
84 50
91 64
43 20
11 28
4 10
35 46
43 85
89 89
14 83
40 51
23 1
81 77
83 87
41 22
56 73
56 78
99 34
27 96
63 2
78 79
96 16
35 29
28 23
49 36
81 88
15 65
46 35
63 99
76 76
88 24
52 100
55 20
7 13
31 71
23 83
48 90
76 13
33 95
88 18
48 56
70 70
67 16
56 49
77 31
36 49
32 12
4 32
86 6
3 7
36 17
76 60
10 10
51 26
38 21
2 13
18 74
39 62
58 38
29 98
82 27
63 80
27 84
52 13
80 18
68 68
86 29
26 99
8 22
98 92
39 82
87 35
66 44
83 33
57 28
51 31
72 62
32 16
7 31
50 98
2 85
67 75
10 12
10 81
81 72
5 61
77 55
19 32
41 93
7 15
75 74
43 63
33 71
39 30
19 62
11 2
7 32
43 84
83 54
41 50
6 62
47 47
41 3
28 60
36 99
20 91
10 79
24 97
50 18
6 7
56 61
90 72
29 11
97 24
22 80
40 74
43 14
87 1
57 51
70 47
48 66
15 66
81 51
61 2
74 33
60 53
95 5
53 63
10 35
60 60
98 85
94 20
6 22
60 47
40 16
47 32
98 93
27 25
94 64
14 10
91 55
22 14
72 42
22 82
11 36
51 8
56 8
41 69
87 81
38 45
46 52
62 81
52 10
90 45
28 62
84 33
42 58
67 6
66 58
30 2
24 83
18 76
87 52
62 26
93 80
3 37
28 78
76 77
40 25
73 68
50 79
8 32
60 80
84 10
59 97
79 78
26 62
1 35
57 59
35 41
2 50
95 14
65 74
53 55
20 99
64 6
33 65
45 41
98 88
15 2
78 86
5 62
87 50
70 84
10 93
11 84
2 57
85 10
62 85
89 34
10 15
97 100
62 98
26 93
54 8
70 5
78 91
78 77
29 12
43 2
11 70
87 16
63 73
27 24
44 46
76 4
20 42
19 88
15 10
42 36
52 52
53 4
90 56
63 83
53 5
57 2
84 99
45 80
38 49
30 73
84 100
37 49
90 21
16 80
39 91
100 75
74 26
49 64
60 57
76 99
39 39
13 55
45 79
60 14
15 12
16 100
33 31
24 80
58 86
83 2
47 73
70 44
9 98
22 83
93 10
86 14
85 43
29 49
13 11
14 75
62 2
26 5
34 75
36 64
83 36
67 33
100 89
5 63
39 48
66 3
97 88
19 93
73 96
22 92
31 11
100 15
42 80
84 39
86 56
21 95
84 13
18 45
70 66
67 73
37 21
16 20
79 74
26 27
84 8
77 13
25 44
35 13
44 14
46 55
25 91
84 65
94 61
20 36
84 42
10 92
96 8
10 51
84 58
35 3
6 100
9 14
58 56
46 51
36 3
74 78
7 29
93 15
22 91
52 31
87 37
48 52
76 62
77 11
12 61
18 89
80 87
16 97
20 92
12 91
44 24
84 78
80 1
8 6
94 87
26 13
38 96
65 37
79 3
53 28
59 51
96 99
40 80
55 22
69 88
44 87
59 3
75 68
18 43
46 56
9 25
45 89
100 90
73 46
41 72
55 43
46 46
70 91
26 80
19 81
91 50
26 58
93 14
5 64
56 79
99 85
4 41
84 73
81 62
5 65
27 18
77 98
23 82
23 50
3 84
62 18
12 39
73 31
66 45
28 90
63 85
85 30
94 43
52 56
63 5
42 10
87 15
89 44
51 60
12 73
44 94
72 71
46 33
22 12
11 97
50 46
4 76
60 29
77 49
9 69
15 13
4 1
79 97
71 47
60 88
54 1
68 62
45 52
62 80
1 86
69 46
49 89
64 87
44 45
11 9
20 86
3 42
29 25
52 53
50 65
80 43
27 12
85 55
95 41
17 97
53 93
37 26
9 28
74 6
90 24
22 44
57 82
1 66
3 41
46 29
58 91
65 4
86 7
52 21
34 65
92 14
86 45
94 4
83 23
45 91
52 90
28 94
95 25
94 77
87 38
40 12
62 65
1 20
85 4
15 90
3 17
97 57
8 94
73 69
74 16
36 39
71 96
63 96
13 99
14 95
30 78
84 11
93 57
16 19
23 21
45 65
48 96
14 82
73 91
7 49
3 93
25 62
6 12
69 14
5 66
48 22
68 54
42 21
23 73
15 92
5 67
98 49
89 94
21 60
23 54
80 65
11 86
8 2
99 43
19 68
3 54
83 59
89 82
39 11
94 26
68 92
17 91
4 38
20 29
84 97
39 21
98 74
7 46
31 52
34 51
61 70
18 75
7 11
49 65
3 67
16 83
55 42
47 82
78 35
100 59
7 12
10 42
29 64
99 90
100 29
89 45
82 1
21 35
79 40
10 67
83 20
28 49
11 29
16 89
58 21
8 100
97 66
91 16
67 67
69 75
70 29
34 39
87 77
34 38
95 79
37 97
25 45
3 56
57 65
38 82
89 40
19 11
90 83
15 8
15 40
90 48
46 11
14 70
92 8
17 3
7 60
26 83
37 90
93 9
10 57
80 86
1 84
26 19
68 45
42 34
83 62
31 30
39 71
39 86
51 53
97 82
13 70
4 62
27 66
2 10
3 80
27 80
12 98
31 48
17 37
80 89
71 61
61 50
52 68
72 6
24 59
17 23
48 28
27 76
25 21
61 85
83 27
48 80
85 61
54 92
18 15
65 63
48 55
95 54
53 36
6 34
77 91
20 15
46 36
4 73
40 79
60 1
47 6
32 43
85 41
17 1
86 21
14 36
30 82
39 35
52 32
22 76
43 88
93 52
6 28
59 35
17 80
27 82
3 45
36 56
19 14
94 12
88 74
54 15
75 23
34 68
69 71
69 2
63 56
74 22
13 22
18 86
32 99
67 44
76 66
27 88
49 90
67 30
21 76
9 17
36 11
21 21
93 42
10 1
63 87
46 14
46 7
79 47
89 2
82 78
43 93
26 98
77 77
73 3
15 25
39 73
96 82
97 89
55 61
1 54
45 81
7 14
41 95
20 7
86 80
6 10
21 12
65 12
12 65
16 68
14 22
69 1
90 98
89 60
79 73
35 83
51 36
13 73
20 22
55 30
88 17
69 50
64 46
21 92
74 48
13 75
48 2
91 57
43 98
80 37
75 54
81 59
70 31
62 3
53 30
99 78
46 91
60 36
19 36
85 73
55 89
93 86
2 51
64 90
41 92
43 17
77 56
79 88
23 84
51 16
37 76
58 11
3 21
76 46
28 91
78 72
46 86
37 22
53 23
93 94
81 96
67 43
27 77
90 78
67 62
23 92
55 14
3 57
80 69
47 28
11 45
97 4
89 100
58 83
59 34
30 98
66 30
60 8
83 37
43 12
11 91
97 94
75 45
61 22
11 83
36 43
46 45
66 90
96 72
25 14
94 59
73 39
36 67
54 93
99 58
91 48
2 88
92 96
78 63
85 16
25 19
26 23
51 88
2 49
35 64
85 24
96 15
8 14
70 99
74 38
28 88
74 7
70 77
68 40
27 63
59 69
89 52
38 8
97 59
66 66
94 2
60 7
44 12
68 20
13 34
35 84
73 54
45 56
18 62
65 30
8 42
54 25
84 25
2 39
57 84
4 66
82 69
7 24
40 9
11 34
67 8
35 15
6 15
93 83
35 70
66 1
58 8
28 38
69 22
58 37
67 12
94 82
66 7
68 51
61 16
93 95
3 95
50 76
11 71
62 77
28 58
32 69
88 48
30 45
65 68
17 68
95 63
68 89
94 35
45 84
27 7
78 2
10 74
44 77
88 31
50 30
86 22
60 6
59 53
67 50
82 6
38 26
56 68
97 43
95 37
59 48
4 80
10 24
93 18
89 78
72 97
53 9
84 53
80 97
17 65
44 70
80 7
7 38
49 100
67 54
88 72
9 88
66 77
41 6
63 26
95 42
58 89
38 42
81 55
82 44
7 26
67 71
91 26
21 82
83 98
93 21
85 46
79 17
72 55
58 59
51 95
31 58
83 79
97 86
86 17
66 54
42 33
28 8
47 74
30 44
77 34
30 97
40 49
71 51
76 89
54 100
9 77
83 35
86 87
70 1
47 81
20 83
84 22
81 69
59 50
93 11
2 74
77 32
78 18
41 23
58 65
6 87
78 73
50 10
9 33
78 43
39 41
63 67
47 90
30 16
50 26
21 9
56 19
27 17
7 8
1 80
16 88
95 40
29 57
95 72
85 87
71 94
94 22
77 51
51 6
77 35
37 12
47 15
71 23
50 63
44 80
53 84
78 40
54 14
28 37
27 54
66 73
99 63
71 32
49 76
34 19
74 98
54 62
30 7
34 91
79 52
83 75
65 91
90 95
53 26
59 43
13 36
56 43
90 9
21 26
29 27
100 1
58 58
8 28
37 75
75 41
4 96
22 75
83 69
10 2
98 78
7 68
97 65
21 43
78 46
95 66
46 23
96 3
81 53
44 23
75 39
85 63
30 32
70 96
39 20
58 82
30 74
11 51
50 17
12 85
98 27
66 72
68 48
32 37
1 89
23 79
44 74
82 60
2 77
11 92
82 30
21 75
48 9
26 39
71 8
29 30
89 75
62 52
99 52
52 97
34 100
84 52
14 59
44 28
6 5
30 72
2 16
70 14
58 27
38 13
55 95
54 6
5 68
72 85
1 82
84 77
54 88
65 13
17 33
47 19
100 28
91 63
14 44
92 42
56 37
33 24
69 29
34 55
57 47
92 32
87 64
7 59
78 96
30 1
45 25
80 22
28 9
53 37
22 37
78 23
88 6
15 98
85 15
12 67
79 50
23 77
85 51
84 92
94 11
81 92
65 32
25 86
5 69
43 19
48 94
13 95
49 87
70 26
88 80
58 6
49 7
48 64
7 88
68 49
32 94
17 48
64 34
76 79
23 71
17 5
44 16
57 9
75 97
47 100
58 46
45 17
77 60
25 99
22 98
77 100
38 100
2 47
39 79
18 56
29 22
36 55
72 25
4 23
17 92
17 67
29 48
72 33
71 81
22 5
42 82
70 75
59 78
93 22
85 20
100 85
79 100
55 88
31 10
56 63
14 64
97 64
86 67
53 82
3 72
77 58
37 81
33 91
75 37
64 67
9 58
73 11
23 98
49 42
78 54
62 24
87 85
98 67
6 88
30 76
54 42
82 9
98 28
20 19
95 78
8 92
44 63
80 16
73 95
59 88
15 63
89 3
35 23
29 62
67 47
4 45
43 99
70 19
54 64
44 31
58 45
48 61
86 33
67 83
70 97
52 18
81 16
74 94
59 9
49 49
63 93
85 50
25 75
4 93
47 31
61 48
52 95
23 40
77 1
64 66
28 55
75 14
96 32
30 94
90 62
46 67
79 56
9 95
33 22
53 15
1 76
80 42
59 85
16 15
30 57
72 40
69 38
18 9
14 30
100 72
73 26
30 64
96 78
31 39
63 71
82 63
68 97
10 32
48 68
100 95
32 40
56 51
3 18
52 27
31 75
82 26
54 43
1 52
38 76
40 84
38 88
70 92
23 2
80 55
45 18
76 78
95 84
25 55
30 62
60 92
46 42
1 60
56 58
65 56
37 1
74 30
54 79
80 19
76 86
85 35
83 3
42 57
75 70
64 58
87 55
33 58
56 9
67 2
27 20
89 98
19 92
83 1
88 54
54 17
82 58
93 67
42 100
66 9
88 79
86 26
90 2
55 18
5 70
72 63
40 63
18 79
37 77
98 76
36 96
55 68
11 40
20 1
86 35
28 14
99 46
14 34
27 79
89 42
50 62
15 36
82 25
18 47
76 54
92 24
60 50
26 91
46 88
76 88
42 69
21 42
30 20
64 71
53 40
16 18
70 21
88 10
61 83
35 8
67 68
57 64
62 43
47 66
90 46
1 28
95 16
26 1
45 2
72 11
96 25
91 46
60 63
18 68
40 20
72 82
78 41
12 70
44 92
29 93
42 11
88 29
38 24
95 3
91 13
10 96
27 9
81 73
68 8
74 89
56 14
20 28
65 14
51 34
5 71
85 2
26 31
17 79
64 16
82 15
63 35
96 79
3 9
93 66
74 63
57 22
89 97
86 44
25 42
22 48
30 65
3 16
4 85
83 42
30 79
35 85
30 50
89 7
20 67
1 40
81 79
46 4
16 14
63 23
73 32
44 19
55 1
50 6
97 61
46 31
8 83
48 13
34 63
59 63
72 14
57 85
32 17
9 16
9 89
44 79
36 2
81 29
25 38
21 77
20 59
21 89
29 56
18 25
78 39
54 52
19 7
97 28
51 56
91 82
43 82
80 98
93 51
79 77
43 18
41 100
37 87
8 76
68 66
56 82
87 9
25 97
25 46
10 41
80 9
58 80
85 96
86 19
22 60
73 90
99 1
71 40
66 70
82 84
92 98
43 40
4 31
63 95
47 85
40 36
72 73
3 77
84 14
85 34
42 18
77 78
15 57
49 54
15 49
13 94
52 39
22 87
52 83
76 64
83 74
41 31
61 32
64 63
49 93
50 69
2 19
41 52
57 90
65 76
16 95
98 9
74 57
56 81
79 84
46 94
2 3
34 64
5 72
27 28
87 73
96 75
36 53
55 39
52 91
28 36
86 46
46 71
29 26
20 40
59 25
69 37
53 25
57 26
32 4
48 30
55 75
36 61
57 14
36 7
13 48
17 72
61 78
4 3
92 44
28 17
55 34
17 98
97 2
94 15
36 45
9 13
79 99
14 50
56 93
59 96
27 10
38 16
10 19
49 32
65 49
47 69
89 55
79 58
20 41
31 22
38 74
82 32
72 13
94 18
38 63
40 71
15 3
55 38
45 34
33 10
39 2
13 84
96 58
53 85
90 97
44 90
64 52
2 28
26 18
87 61
88 25
70 36
50 15
31 55
31 82
66 20
5 73
50 22
21 38
73 76
76 39
94 86
58 52
98 73
6 90
18 11
66 46
23 44
26 30
52 69
66 61
65 67
74 40
87 76
6 86
10 95
49 5
92 50
91 30
18 26
9 67
94 27
24 65
2 56
99 40
95 44
59 17
69 21
100 61
80 47
80 8
8 71
1 23
40 2
79 66
63 19
33 59
73 1
34 83
74 37
74 8
91 36
58 26
17 63
9 92
45 12
21 14
13 87
94 42
7 4
37 51
25 41
30 61
2 58
79 91
20 13
58 67
92 71
11 69
41 38
20 37
47 20
24 99
98 10
76 69
54 45
34 82
52 8
14 99
7 40
83 25
63 41
48 20
93 29
39 31
87 25
6 9
56 15
49 60
89 56
76 30
73 20
96 54
72 95
21 57
48 40
32 33
20 74
32 100
98 3
13 25
99 55
30 41
64 35
46 50
47 55
41 2
1 95
78 74
42 29
69 30
40 96
44 56
100 80
62 34
91 47
2 30
36 42
71 27
94 89
92 48
87 70
66 81
8 48
80 5
21 23
4 59
61 10
63 46
34 24
64 72
70 82
38 37
33 88
12 42
67 37
80 78
48 49
68 32
7 27
71 52
17 17
55 50
83 50
30 85
74 76
84 24
4 88
56 16
19 90
91 9
69 55
69 11
56 13
50 12
32 68
54 96
19 43
49 9
23 86
63 47
70 53
36 75
36 27
49 16
6 81
73 6
19 45
3 68
46 24
27 30
52 70
58 15
61 65
50 33
11 47
39 74
81 22
15 91
39 9
69 13
23 30
36 46
4 61
45 48
41 35
71 77
2 81
25 10
97 68
2 23
37 66
49 91
46 87
23 26
16 77
81 67
82 33
66 4
69 86
62 7
44 43
32 36
46 1
28 61
73 72
49 4
74 69
41 91
25 53
69 59
46 30
59 2
85 6
17 7
32 74
13 3
93 96
87 49
14 51
24 16
14 60
64 57
23 99
36 63
58 64
30 59
88 94
15 79
42 85
8 45
34 69
7 76
24 94
86 57
97 7
98 94
23 63
48 5
37 74
41 98
29 82
100 81
91 89
27 5
64 43
39 76
39 16
24 6
41 42
70 67
15 73
49 43
61 27
72 50
61 77
47 78
75 47
72 47
8 10
58 99
27 3
35 37
40 54
57 55
53 38
38 1
23 48
35 88
15 50
78 22
13 4
98 58
20 49
31 29
66 85
38 32
2 76
1 32
14 15
36 83
63 3
45 4
96 85
77 94
88 2
2 14
3 69
18 98
98 60
11 87
12 41
1 33
9 65
59 60
29 84
95 2
100 55
51 79
90 77
77 59
72 29
58 78
63 34
81 98
11 63
88 44
15 9
5 74
77 21
96 6
3 30
31 63
11 17
63 4
41 32
3 12
97 37
30 53
62 60
33 67
62 6
55 57
12 12
49 92
48 19
69 91
97 85
50 60
71 14
29 69
51 19
99 71
89 18
29 59
7 10
93 88
31 47
99 38
64 7
91 84
1 31
20 80
98 55
91 37
14 7
70 54
17 24
76 21
48 12
7 48
91 77
74 15
35 53
65 47
75 62
58 94
51 73
94 13
83 89
61 99
38 62
20 84
35 10
34 58
73 67
68 96
19 18
79 48
94 3
64 32
49 98
70 15
1 72
85 93
34 12
61 40
34 85
68 84
34 70
5 75
50 92
37 38
6 17
42 90
40 53
43 51
33 41
82 71
33 25
24 82
24 24
40 27
13 50
37 58
31 62
88 40
6 97
15 71
10 38
20 68
8 69
69 27
63 17
94 91
45 33
65 48
78 4
28 54
37 37
35 82
72 28
5 76
78 58
3 39
35 2
99 25
80 58
99 61
47 4
57 67
78 1
23 100
98 65
28 71
90 89
40 76
93 19
64 9
75 19
7 50
50 78
63 7
1 34
11 15
13 64
100 79
25 90
33 27
89 36
67 32
33 82
17 16
73 80
75 60
51 35
77 72
96 14
19 16
7 66
55 93
23 78
19 85
42 88
59 40
43 83
45 13
79 6
81 9
54 48
69 24
23 56
15 23
90 33
81 64
52 81
36 16
50 45
75 51
28 84
55 12
42 95
64 88
61 71
17 52
26 3
70 34
63 63
56 42
36 92
5 77
98 80
8 64
90 55
45 85
17 32
41 20
18 32
55 76
3 14
27 40
53 94
6 94
10 18
39 97
39 33
81 66
71 72
82 83
48 82
45 93
20 21
26 71
32 96
35 98
44 39
5 78
31 15
57 88
47 93
33 11
87 48
88 82
75 98
12 26
25 61
41 15
21 48
51 13
4 6
79 16
58 22
70 28
61 94
80 70
19 91
75 1
88 73
31 18
19 58
91 96
58 92
18 66
12 33
64 4
97 1
73 99
19 60
32 21
69 67
98 20
74 67
44 61
22 7
5 79
24 11
27 74
26 88
53 19
27 34
21 74
74 85
36 100
50 84
87 7
63 58
37 3
58 36
52 19
27 19
12 23
74 88
83 78
79 27
78 90
81 33
11 27
21 52
23 81
83 12
11 41
27 2
82 24
39 29
34 3
92 86
1 48
35 74
54 65
35 52
7 57
76 48
76 96
50 96
23 87
50 37
65 27
33 51
45 86
69 18
73 74
9 56
13 69
2 41
3 28
80 30
51 15
64 73
19 97
79 54
75 77
27 23
40 42
58 70
82 89
61 19
90 19
90 28
17 69
37 42
45 75
32 23
89 49
32 72
78 98
57 35
10 20
47 40
54 53
8 23
57 3
69 83
10 86
98 59
9 29
41 60
38 92
47 13
20 98
92 63
85 21
71 75
62 58
39 92
69 3
87 93
80 32
97 73
77 15
96 52
80 60
73 79
19 44
20 85
58 7
24 19
61 64
71 86
31 12
88 91
66 27
24 17
64 94
48 62
8 91
24 67
74 79
76 100
67 64
15 93
57 79
55 71
87 20
60 35
87 78
81 50
89 68
91 53
38 68
91 45
76 29
79 15
61 5
81 43
87 4
29 91
99 83
35 72
41 80
37 41
17 70
99 76
48 51
63 48
53 68
48 93
87 2
3 6
62 9
60 97
59 44
9 19
4 33
27 11
100 26
42 32
20 32
70 52
62 70
62 40
65 6
51 41
51 37
99 65
75 24
66 19
8 26
23 41
17 35
2 17
5 80
75 85
64 84
84 75
67 55
89 70
46 72
31 98
62 46
60 52
23 67
20 26
5 81
18 46
39 8
12 92
9 90
98 33
78 45
12 83
22 15
9 53
30 92
30 71
82 57
88 51
92 2
27 37
2 67
77 36
94 34
46 16
95 22
84 84
20 9
29 55
65 40
45 11
35 87
2 72
84 95
32 9
16 35
51 18
97 97
14 38
93 62
16 17
29 31
31 91
66 76
24 84
44 83
27 15
4 98
8 17
93 46
60 98
28 59
22 84
31 76
60 89
89 29
75 71
36 38
93 34
87 47
14 56
29 45
2 89
2 92
62 28
72 92
97 5
45 39
12 81
47 72
9 94
56 6
39 83
74 87
43 90
40 67
1 87
12 50
55 9
69 9
10 54
5 82
95 76
27 42
32 11
8 85
66 32
91 24
72 60
59 41
92 67
48 81
82 99
22 19
100 3
46 13
48 77
19 47
11 49
96 26
32 5
22 10
24 64
57 44
62 36
38 60
33 81
2 99
35 91
17 53
62 25
51 11
96 63
56 84
46 98
100 42
72 58
53 95
8 60
12 2
52 46
78 10
75 80
2 2
60 41
70 41
10 40
20 100
12 72
87 75
13 81
48 48
59 8
28 3
92 41
17 19
12 1
7 51
39 4
21 99
42 22
11 80
91 71
91 11
33 66
41 37
57 98
28 5
16 23
27 78
100 10
84 44
93 38
18 73
69 19
59 77
14 58
41 25
19 34
46 57
43 48
22 27
6 29
66 43
30 37
47 65
81 89
96 81
75 5
55 16
56 17
93 55
62 47
7 42
33 34
22 1
78 88
99 37
45 97
51 33
51 39
3 94
66 82
30 18
57 5
47 2
16 50
29 72
95 94
44 76
46 9
5 83
48 50
59 76
29 65
4 57
54 3
9 1
89 66
4 22
44 98
58 18
100 83
67 97
67 41
91 73
51 65
74 71
25 32
26 78
37 40
68 50
99 27
42 62
17 96
15 17
15 76
46 26
81 99
31 3
2 59
33 100
97 56
45 28
93 41
15 54
17 89
34 60
26 29
44 89
48 16
24 49
3 34
22 96
94 68
2 64
25 43
8 72
63 49
16 61
8 78
5 84
76 90
40 88
56 55
64 100
47 96
89 14
26 96
25 6
60 40
86 18
16 13
45 76
71 7
86 76
52 48
34 98
73 64
23 38
6 47
35 19
48 89
5 85
45 37
97 15
25 54
76 67
90 87
28 41
75 96
96 96
10 66
25 35
2 54
32 70
88 28
88 64
44 15
77 93
49 11
34 41
52 34
13 14
71 57
8 84
87 74
76 50
14 41
81 42
15 48
12 58
34 45
55 44
79 90
81 14
67 22
77 63
50 42
54 59
13 7
57 4
49 99
30 30
65 35
30 63
98 90
91 81
84 12
45 59
53 10
36 91
42 27
81 20
73 43
42 60
51 63
36 66
40 31
45 23
72 72
42 44
48 29
35 38
45 45
67 56
12 15
25 3
80 62
86 73
55 74
39 58
55 47
61 45
17 30
17 11
89 47
88 87
36 97
13 13
36 32
72 48
13 45
85 70
93 23
48 84
23 24
44 54
80 6
8 51
1 78
90 88
53 44
47 91
87 82
76 59
11 22
15 18
96 49
1 70
96 91
8 88
46 75
90 42
44 36
32 64
85 77
41 55
62 29
73 81
60 2
19 3
42 9
4 35
30 34
58 35
67 20
62 73
53 21
13 35
48 70
19 82
72 57
44 82
27 73
95 7
97 17
13 52
63 27
77 69
22 54
20 70
17 62
49 88
46 73
78 19
15 11
71 66
81 68
47 34
86 78
81 23
62 84
3 40
71 37
47 56
3 2
29 54
31 25
98 66
41 29
89 22
25 18
52 88
39 52
83 13
48 32
64 82
50 54
87 98
61 23
32 1
44 47
43 6
94 63
48 35
80 3
32 47
71 36
19 49
10 3
37 63
94 84
17 28
76 53
17 21
82 91
34 11
94 5
69 63
71 48
34 42
7 41
67 38
68 10
25 59
42 41
99 10
33 26
64 70
13 31
24 25
21 6
57 23
57 52
83 32
3 85
45 69
75 63
15 59
84 26
29 90
34 96
51 59
83 91
43 53
36 4
48 69
47 46
86 9
1 24
43 3
32 3
45 61
7 18
8 49
13 20
79 80
100 77
33 47
2 84
21 61
38 97
86 65
65 24
92 95
38 4
60 42
33 50
41 94
76 97
38 15
90 100
40 92
71 31
21 5
1 2
43 13
67 26
91 69
31 79
81 86
20 77
99 53
45 27
5 86
56 33
23 74
14 87
59 12
97 72
48 37
32 61
80 24
34 62
22 94
64 77
42 92
69 56
58 42
1 58
5 87
55 24
84 80
69 17
34 67
57 11
15 44
8 62
14 92
98 68
9 70
41 43
9 75
26 15
13 10
84 20
16 2
82 18
40 78
74 91
60 34
34 37
41 63
81 11
98 84
4 51
99 97
16 27
67 99
53 89
44 73
92 5
87 45
31 32
57 10
69 57
7 78
31 99
18 93
29 28
30 38
17 43
73 53
68 35
59 62
53 75
37 82
31 97
5 88
47 9
98 45
61 6
3 92
59 75
92 10
55 60
44 34
10 7
33 45
22 16
47 11
29 77
85 81
90 64
62 88
82 39
28 96
76 65
19 31
69 5
69 49
41 39
17 64
84 56
48 46
61 73
9 4
24 71
15 100
43 25
58 14
79 92
96 41
26 87
46 81
98 5
17 66
17 54
46 64
94 100
62 10
24 69
22 81
88 53
16 44
41 99
50 35
53 32
11 1
87 12
40 60
75 66
55 45
71 45
65 29
37 43
49 53
37 78
56 100
95 95
51 66
25 11
66 22
97 75
33 86
60 21
13 54
99 17
36 21
52 22
66 78
29 42
14 45
79 9
15 94
24 50
49 22
6 14
64 41
20 33
81 35
82 59
4 48
15 1
23 33
55 64
22 3
100 8
4 83
63 60
31 57
54 39
45 35
100 35
44 10
77 96
74 61
82 64
78 99
96 42
88 70
95 47
95 97
74 27
6 20
85 45
21 97
95 62
38 6
64 54
77 97
99 16
98 8
53 51
4 43
38 65
67 90
66 98
100 7
24 12
50 16
39 69
53 41
56 4
47 8
56 50
97 83
26 7
78 33
12 20
73 38
7 73
45 68
48 60
61 52
19 100
20 64
21 7
58 40
60 33
40 91
31 100
98 38
47 33
50 85
96 4
73 63
38 5
75 40
59 66
88 43
20 5
5 89
38 36
70 63
14 2
36 81
100 84
50 48
1 30
100 82
38 98
29 92
18 4
75 42
35 56
19 29
43 30
13 56
86 96
15 15
21 63
36 72
57 60
79 25
31 17
97 40
45 29
62 90
9 10
4 46
99 96
94 83
6 52
71 95
6 38
5 90
89 62
98 61
16 53
27 95
36 24
86 16
50 11
52 37
84 49
74 47
89 92
40 39
87 3
55 15
98 81
87 90
95 33
35 34
96 84
55 53
23 11
12 31
92 75
41 97
77 83
39 59
60 61
31 6
68 22
56 29
93 43
66 13
8 1
31 50
19 72
2 35
20 78
99 87
28 4
19 95
98 44
1 65
7 25
49 67
3 63
21 17
39 65
37 52
10 59
5 91
82 62
69 51
2 43
8 66
95 39
66 83
90 63
4 100
84 82
41 1
58 81
88 47
44 49
83 40
9 72
76 57
71 50
63 64
58 20
91 49
88 65
100 13
4 13
18 83
24 39
57 18
84 30
97 31
26 69
45 42
99 68
46 53
8 25
52 40
2 25
31 72
92 79
69 52
68 34
12 78
67 58
21 65
96 23
12 90
29 60
34 7
57 57
77 73
82 50
48 18
72 88
5 92
7 84
32 71
92 57
7 54
30 91
65 25
95 8
45 19
36 95
95 57
71 58
22 72
83 72
22 57
48 98
23 97
35 47
9 9
95 65
1 77
6 26
88 76
14 53
50 39
21 8
94 23
59 55
83 65
68 18
16 64
30 4
80 88
76 95
85 69
21 53
37 95
37 16
25 81
57 39
49 15
12 51
53 61
90 7
31 46
100 37
53 48
84 81
17 34
83 93
56 30
83 67
67 27
15 7
94 55
4 60
5 93
43 96
47 59
54 73
18 64
59 49
48 44
22 93
84 19
85 33
62 31
90 67
26 48
29 19
93 53
9 57
98 1
1 74
80 33
77 24
12 27
24 10
79 10
77 20
11 76
12 52
81 44
10 27
88 81
52 58
27 93
50 59
1 73
66 50
75 48
19 75
34 5
31 33
14 93
57 6
99 21
41 57
42 13
93 63
33 72
82 17
21 25
88 21
20 8
90 94
70 55
40 13
36 10
44 84
2 1
85 31
74 2
35 5
50 25
24 33
10 11
51 2
6 36
33 84
49 72
92 54
15 46
78 24
96 47
54 54
27 43
72 23
24 31
21 81
53 81
12 24
38 18
6 11
84 67
53 52
33 77
78 30
38 7
55 67
41 83
38 93
46 100
10 87
54 87
19 56
4 20
86 37
51 43
79 51
35 16
61 39
75 30
66 41
8 40
47 16
29 7
39 89
39 5
45 32
20 89
8 43
46 22
14 65
60 18
59 5
63 76
61 86
65 23
92 51
60 86
93 3
21 31
26 33
37 5
56 67
13 58
62 83
97 98
36 35
61 51
90 32
46 97
78 37
98 79
51 80
40 73
62 86
92 37
81 47
75 7
95 43
47 30
92 13
29 16
22 13
35 73
84 45
70 6
20 4
6 41
7 34
25 8
2 96
21 32
22 64
53 3
69 15
45 83
81 97
43 47
46 27
37 100
85 53
34 95
74 70
85 3
82 45
60 24
26 89
52 96
90 25
46 12
49 8
67 98
75 87
39 90
1 44
93 91
89 12
56 91
29 100
33 85
80 20
39 45
45 87
28 82
13 18
45 40
61 82
37 9
36 19
5 94
91 20
95 55
38 52
73 50
14 23
22 2
68 70
6 13
62 48
85 23
62 35
63 75
95 96
68 90
94 95
25 87
22 41
6 4
22 70
39 53
67 45
64 14
81 15
97 21
31 89
40 40
82 70
70 73
9 93
49 38
59 73
66 42
45 92
61 100
98 97
69 16
3 86
18 12
27 14
8 86
39 80
66 64
40 17
13 8
41 56
18 88
28 42
59 42
55 70
69 7
40 22
33 56
85 62
44 1
48 6
17 59
82 66
4 40
43 38
41 9
92 15
88 32
67 49
35 97
91 21
27 22
53 98
42 7
1 51
76 18
95 90
70 61
2 40
7 56
26 82
37 36
67 31
78 8
22 85
99 3
38 25
8 3
38 12
40 35
86 4
70 25
99 79
71 35
61 56
35 20
68 82
72 20
6 68
97 33
62 5
47 38
35 12
53 92
77 52
53 80
24 54
51 3
51 55
65 95
37 64
63 24
64 96
99 60
92 9
9 55
50 56
80 81
66 94
43 86
12 63
70 42
43 65
40 52
55 27
4 94
45 47
40 41
74 24
33 28
72 94
74 56
60 74
53 86
67 36
100 70
13 90
91 94
88 19
29 86
77 95
83 21
63 25
1 41
10 82
28 11
3 35
34 17
35 6
16 1
89 95
39 70
53 76
70 10
43 66
66 24
78 7
63 37
81 90
12 35
20 23
2 5
86 71
73 5
48 57
18 38
85 65
98 36
13 2
78 21
14 46
92 47
38 77
54 61
29 34
20 11
86 92
88 42
26 17
48 87
4 18
86 51
73 4
45 31
78 92
3 26
75 79
22 29
20 30
36 6
1 5
38 35
96 77
93 40
42 63
5 95
20 76
14 19
20 82
72 46
52 57
24 15
73 34
73 59
68 46
50 51
70 88
37 10
57 97
13 51
31 85
84 32
30 83
4 39
86 50
36 78
68 39
60 94
25 34
17 27
71 39
51 45
43 5
68 85
2 22
68 13
85 56
22 58
64 10
72 4
25 5
90 40
58 48
90 54
4 25
12 8
9 23
48 58
70 51
36 59
96 34
34 25
78 6
79 62
86 28
5 96
98 99
86 58
84 43
100 94
16 59
45 64
97 54
3 46
80 46
18 81
92 7
68 65
27 91
91 78
36 88
61 3
55 85
58 23
41 67
38 56
46 62
1 16
44 65
19 98
85 60
74 55
41 10
79 65
79 83
7 30
12 45
28 35
53 73
44 30
29 80
16 49
9 21
3 75
77 68
15 51
64 86
86 63
50 61
22 90
91 98
46 96
85 75
2 98
35 17
21 72
89 63
93 47
57 99
31 20
29 3
42 53
88 12
2 12
93 58
66 25
13 60
43 29
38 53
14 85
66 39
45 53
74 17
63 69
94 70
71 44
28 21
52 60
15 86
10 13
52 4
1 93
26 97
67 74
40 56
5 97
82 31
93 50
37 27
19 67
88 59
46 32
39 78
6 93
9 81
55 69
32 39
55 62
54 19
41 7
62 49
65 36
59 31
69 45
28 26
100 93
25 85
23 15
37 59
57 25
90 31
63 16
55 81
66 31
6 16
46 83
2 11
58 3
84 76
12 80
57 76
6 37
75 90
91 41
12 30
79 32
76 91
18 2
69 85
65 46
91 2
31 2
72 53
33 46
76 63
31 78
46 66
22 78
24 40
65 62
86 62
75 8
31 7
14 12
30 100
77 2
43 33
50 73
74 46
14 86
87 54
2 4
19 33
80 77
84 40
62 27
92 49
74 18
76 3
45 6
9 40
71 6
11 16
100 32
7 47
7 92
65 21
15 55
3 65
36 86
12 49
88 86
1 38
48 92
90 23
46 78
82 68
18 27
21 93
75 27
44 59
65 3
82 95
77 18
73 15
48 4
60 26
26 10
99 15
3 15
52 11
37 30
83 44
98 24
57 86
85 66
90 34
45 24
1 18
54 91
6 83
27 4
27 99
85 86
14 9
96 74
91 14
29 44
52 74
74 1
78 67
83 95
74 43
94 50
83 7
89 9
82 42
45 55
71 78
73 62
22 21
10 62
93 85
32 34
47 44
71 68
31 96
48 43
17 46
25 96
39 87
80 25
34 79
7 37
88 37
57 54
86 49
44 97
51 20
56 52
23 35
37 20
23 46
15 38
89 43
17 78
52 98
66 89
70 22
39 17
58 1
41 17
64 38
74 10
99 69
91 29
6 30
91 27
64 64
9 20
46 49
47 89
68 36
70 2
27 32
18 44
32 8
62 82
78 84
63 29
12 71
44 29
59 68
9 79
70 40
3 71
14 5
87 95
56 5
27 56
33 94
34 93
74 54
90 44
49 94
34 43
38 55
46 25
61 79
53 6
37 60
93 25
31 94
68 75
78 3
42 39
21 22
57 1
34 84
11 60
30 29
77 85
15 45
78 57
28 76
18 42
59 4
21 85
73 35
76 1
73 41
28 13
16 55
32 54
53 18
62 71
39 84
18 17
13 38
15 97
63 21
80 82
83 19
95 88
6 25
52 17
57 15
44 25
48 88
3 13
11 54
58 75
77 86
79 18
87 32
91 99
79 30
33 92
38 30
95 81
6 71
37 55
30 69
22 28
49 61
13 17
49 73
5 98
78 53
91 95
32 78
18 96
48 8
77 30
43 1
73 22
49 12
44 37
71 15
67 15
62 11
98 64
1 56
91 92
48 26
41 71
41 34
47 18
45 22
10 60
32 15
93 30
44 3
28 6
24 7
80 39
65 45
10 88
86 5
92 29
54 41
54 49
60 20
86 77
55 72
28 50
34 81
68 30
33 36
11 26
23 62
13 96
76 82
97 29
24 95
6 66
4 52
29 94
8 55
16 82
63 42
40 11
24 28
14 96
36 50
84 79
58 98
27 38
38 90
17 10
70 95
89 46
51 83
65 44
7 64
7 36
96 64
81 83
74 84
39 85
71 24
44 75
13 93
61 13
14 3
19 57
86 31
54 23
33 87
6 1
23 20
37 50
1 55
92 31
58 90
74 39
78 36
69 84
67 69
2 73
27 47
71 65
30 81
67 34
54 20
34 9
87 39
97 51
75 3
67 40
9 64
8 75
4 79
83 83
3 76
13 63
2 21
98 34
56 1
76 92
89 19
74 100
10 99
74 41
16 22
51 44
11 75
3 97
87 22
23 76
97 69
19 25
26 86
27 44
36 13
11 43
25 39
62 20
55 17
19 54
37 13
94 60
45 96
41 58
82 28
30 60
3 22
97 48
12 77
30 31
33 4
61 49
42 56
62 57
93 93
55 73
31 37
58 61
30 11
40 43
58 39
26 49
82 75
36 15
30 26
96 17
24 60
43 71
42 19
15 33
10 4
5 99
50 4
59 45
65 19
20 27
19 1
53 70
40 21
26 64
67 25
12 21
100 53
89 90
60 91
54 75
3 66
98 50
70 13
50 50
75 72
85 19
1 15
14 47
73 49
70 39
16 74
89 25
41 64
91 23
31 87
11 35
35 33
36 84
16 90
92 33
38 94
64 91
21 70
8 59
90 27
23 3
30 90
77 14
76 93
26 2
88 41
54 10
79 67
75 13
67 5
5 100
39 18
88 69
37 91
97 16
62 66
88 85
30 33
23 13
32 92
73 87
1 17
26 67
88 14
9 11
70 72
96 66
91 32
90 39
57 13
20 72
92 87
77 47
46 61
23 14
79 63
50 87
45 54
74 35
68 55
11 3
22 24
4 99
93 68
92 64
57 77
29 96
82 46
41 5
24 36
35 51
72 84
93 56
8 57
54 71
70 37
82 80
94 30
25 36
11 39
27 72
49 81
42 49
50 94
83 11
70 74
69 61
10 33
42 30
87 14
61 20
92 55
82 3
41 86
71 17
29 99
30 15
67 24
4 58
93 59
79 29
100 58
72 35
42 31
44 18
34 15
25 68
39 32
51 54
20 20
27 27
83 52
83 66
12 4
93 2
73 58
21 73
88 26
40 28
81 76
8 87
25 48
50 75
81 57
92 1
98 16
65 60
99 7
85 47
35 81
96 62
63 53
61 57
67 93
68 79
76 83
28 18
83 76
29 97
97 99
1 45
80 84
65 10
78 89
59 59
47 75
88 78
58 74
79 7
83 58
63 89
18 5
70 16
77 38
10 29
26 35
35 78
59 89
52 94
50 9
13 32
73 45
95 68
10 80
55 7
50 49
50 64
87 5
32 88
78 60
76 25
93 84
47 86
17 71
25 31
98 26
38 81
20 87
16 25
28 48
98 56
10 14
9 99
53 8
55 79
24 3
23 65
63 15
9 68
17 40
8 33
4 69
18 87
20 14
82 100
50 38
55 99
24 63
41 74
55 90
67 10
69 74
69 47
95 71
76 32
4 4
100 48
69 97
20 61
93 31
12 64
50 1
30 22
90 51
15 19
14 62
99 45
68 31
76 80
13 40
50 43
