46 61
218
40 21
42 20
43 10
4 14
56 51
5 15
60 21
59 51
9 4
6 16
13 52
7 17
14 11
8 18
37 59
9 19
19 58
10 20
33 37
61 8
28 55
11 21
29 33
17 33
58 20
50 44
38 8
10 19
41 16
12 22
1 42
58 57
22 28
13 23
39 50
14 24
29 19
15 25
9 7
59 39
22 25
47 60
49 32
3 12
37 22
56 60
6 13
54 6
19 54
54 42
16 25
47 61
30 5
16 26
1 28
17 27
27 2
19 41
32 30
13 25
32 19
18 28
2 2
19 29
48 49
8 27
43 13
20 30
26 61
21 31
43 30
29 58
1 7
22 32
42 40
23 33
27 60
23 18
22 4
24 34
27 24
19 27
18 42
5 4
59 41
27 30
22 13
25 35
31 10
50 20
2 14
26 4
46 1
5 9
19 9
26 36
41 55
18 61
8 37
27 37
52 29
28 38
33 52
29 39
51 26
30 40
37 31
39 11
43 47
31 41
27 8
32 8
37 36
32 42
61 11
1 52
32 29
42 39
21 46
55 47
60 16
55 13
26 3
16 8
4 23
30 23
25 8
33 43
56 54
49 54
1 36
58 56
42 1
34 44
46 24
35 45
61 48
36 46
35 57
41 29
53 58
18 7
32 18
12 49
2 33
50 45
39 10
25 5
2 50
8 28
12 14
37 47
51 16
38 48
14 58
18 16
45 60
9 20
51 54
49 34
27 46
24 35
21 59
39 49
36 13
48 33
14 47
3 23
20 6
21 55
5 11
40 50
40 1
40 54
6 24
41 51
46 10
19 12
49 42
42 52
17 47
43 53
59 11
15 22
13 31
54 50
30 18
44 54
7 31
55 30
35 58
45 55
44 58
44 11
47 23
16 41
52 34
20 44
21 47
46 56
52 45
31 45
16 15
47 57
31 58
47 47
47 32
38 29
42 50
48 58
2 48
50 19
29 57
3 4
18 48
49 59
10 5
48 28
