18 77
5554
77 59
67 24
23 50
25 46
30 12
3 10
77 6
24 41
76 3
23 35
57 43
50 26
46 50
11 63
55 29
34 11
57 32
72 39
73 38
43 3
38 36
10 25
59 55
72 72
48 30
8 27
37 56
49 75
49 19
8 28
55 43
69 42
32 39
33 48
17 14
41 19
40 3
2 71
51 49
32 50
47 27
12 51
15 5
39 62
29 37
58 56
34 18
53 28
28 21
15 12
19 69
10 77
24 59
65 47
11 25
4 61
14 70
38 6
6 50
16 15
74 60
5 22
15 19
60 61
45 23
56 20
71 54
4 42
44 71
11 43
56 22
16 27
2 42
12 45
22 44
21 7
42 71
4 39
57 67
20 27
57 61
58 31
9 69
33 65
48 46
55 74
22 77
4 71
39 35
9 1
41 54
9 37
17 33
51 56
61 42
37 37
65 66
69 62
18 43
38 21
2 11
10 46
52 18
15 66
34 25
34 69
55 40
20 21
22 10
76 36
13 14
65 42
25 18
14 41
33 7
17 15
20 2
46 36
42 65
6 68
62 40
30 64
36 69
18 53
21 40
47 41
25 69
26 48
30 10
65 33
14 76
32 55
20 77
40 39
63 15
2 24
72 7
34 32
41 4
27 13
11 14
49 57
54 76
1 24
1 8
77 42
50 71
41 46
24 37
55 57
44 32
75 14
28 19
46 16
68 27
13 44
69 51
31 51
26 34
29 15
73 5
29 12
73 66
19 32
43 59
14 31
24 11
41 26
72 36
24 74
11 47
4 22
5 13
21 71
43 45
40 58
59 44
32 56
56 16
46 75
31 76
58 66
45 32
63 19
60 77
64 68
25 41
54 5
40 44
38 64
41 62
73 61
54 72
60 60
26 75
30 76
24 27
46 2
41 34
43 32
21 52
71 26
76 26
45 64
64 54
15 30
44 18
51 3
41 57
5 67
53 37
47 16
22 30
74 36
60 4
58 25
69 49
42 39
31 13
45 9
39 70
30 49
75 17
37 33
45 11
48 19
47 10
2 38
32 6
57 10
4 17
46 35
10 35
35 1
3 42
5 11
20 6
32 13
19 38
44 17
56 60
49 44
61 31
62 68
59 9
71 25
73 52
19 20
48 6
36 73
9 73
13 42
64 12
43 56
60 19
37 29
59 74
65 43
65 74
2 20
39 16
35 38
13 62
44 63
39 15
15 71
37 76
55 20
61 27
51 7
41 41
43 9
12 35
2 70
74 73
19 29
37 67
30 19
67 71
22 60
52 76
38 38
27 65
44 33
28 23
3 57
28 59
77 17
17 77
44 43
1 23
28 16
51 74
27 36
5 69
9 44
70 62
31 40
54 68
37 34
42 22
28 34
45 58
17 49
72 26
49 61
71 58
57 1
48 52
18 27
23 21
72 58
41 37
6 32
67 10
3 58
30 72
7 32
34 61
68 45
10 50
38 24
27 60
23 7
48 60
44 29
17 16
31 42
37 15
63 3
39 67
2 63
5 57
11 40
16 17
68 74
21 2
61 5
29 69
4 49
33 37
3 64
11 18
40 73
26 4
23 58
53 67
8 2
41 65
31 17
72 61
74 58
35 5
73 27
61 69
68 47
8 52
52 4
54 39
55 9
52 30
51 60
71 4
3 74
72 63
68 62
64 43
39 68
49 41
37 73
25 12
43 39
34 40
41 48
36 28
42 20
31 24
49 22
18 49
53 22
22 48
71 33
6 17
4 13
53 75
68 36
44 19
49 28
24 36
71 34
28 6
18 32
11 45
44 21
59 34
12 75
71 6
65 2
65 60
24 7
23 59
29 64
74 56
58 49
59 29
30 66
66 12
65 73
72 3
35 7
20 47
36 25
71 61
69 40
75 34
4 57
43 55
46 27
15 51
15 58
15 24
77 23
13 4
12 2
20 32
30 69
35 44
18 16
7 61
13 23
31 72
40 29
21 48
2 22
30 44
27 31
70 71
16 13
47 59
53 8
62 9
49 65
46 64
24 58
68 12
16 57
29 5
32 41
24 61
48 76
53 24
44 74
66 31
20 75
19 53
7 76
43 77
39 19
3 49
1 16
7 48
8 69
22 24
26 53
43 15
67 16
23 22
33 61
13 46
7 68
72 19
32 72
6 13
9 35
68 52
35 3
50 18
40 28
40 51
71 17
4 65
29 32
10 32
60 28
74 45
67 17
8 60
65 62
16 7
5 17
47 9
46 10
65 34
28 47
49 59
49 72
64 75
62 42
17 44
72 53
27 58
77 38
56 62
69 73
48 23
77 7
76 27
51 51
69 61
35 6
68 56
66 25
65 16
59 73
56 56
27 6
4 44
37 48
26 24
35 46
15 61
10 69
3 75
58 48
30 45
74 4
2 67
51 41
59 14
67 25
30 18
16 23
22 18
65 35
27 16
53 64
76 42
56 32
8 45
2 4
31 56
52 50
13 49
36 41
56 7
74 50
21 60
64 20
25 50
59 25
75 38
64 62
60 11
41 9
5 64
43 73
30 54
60 75
42 45
58 77
18 69
57 19
76 30
33 55
48 21
72 42
34 9
41 60
31 11
39 38
33 10
51 18
32 28
53 20
68 3
50 55
45 37
62 48
48 73
25 9
3 26
53 38
28 11
45 43
39 18
74 70
41 21
61 57
42 66
13 3
12 72
39 53
30 34
33 29
10 68
76 74
32 66
64 50
76 63
49 56
69 2
23 68
40 43
8 48
18 65
61 18
14 61
43 38
12 46
50 23
64 32
64 36
32 15
76 77
46 6
66 43
71 28
63 35
51 9
19 33
1 4
44 35
16 67
52 25
32 5
52 22
58 37
15 44
54 61
55 12
42 62
19 40
46 40
63 21
26 73
42 47
66 48
48 7
34 33
71 63
35 20
20 66
30 9
69 1
68 48
51 66
60 62
40 35
6 70
16 37
60 56
43 61
73 13
52 10
45 13
19 16
35 55
21 20
55 71
16 64
77 49
64 31
4 27
22 34
36 48
22 37
51 33
77 43
63 36
56 76
27 77
34 43
22 12
19 61
75 53
32 37
26 63
30 23
76 44
14 23
7 20
55 39
9 21
22 65
36 20
4 18
11 19
57 55
28 76
20 63
37 50
34 14
45 59
9 40
68 28
36 13
63 63
25 49
4 37
39 74
18 74
71 24
61 39
6 24
46 54
46 18
44 6
46 15
22 22
47 14
24 15
55 58
74 75
16 8
17 26
35 64
31 8
74 57
75 11
14 77
58 70
39 41
49 64
62 63
4 45
46 12
29 42
73 29
33 13
17 48
65 3
35 19
12 61
58 63
9 27
15 47
7 1
58 42
44 70
48 25
13 68
4 73
55 47
67 52
4 10
3 61
58 34
44 51
14 46
60 76
49 77
40 5
71 13
1 41
16 5
64 35
59 71
32 63
41 33
76 51
17 60
23 51
54 59
24 5
72 50
15 72
68 71
3 68
59 35
77 22
2 45
1 36
23 42
52 28
36 71
58 41
11 67
61 25
29 10
1 54
73 16
27 4
58 4
25 26
36 7
55 31
12 8
52 74
2 58
24 48
74 52
34 67
45 52
62 21
77 11
3 9
45 41
26 16
16 16
64 40
32 3
39 77
17 38
22 38
14 69
44 56
29 50
41 11
43 41
56 73
69 52
66 10
5 33
28 38
51 30
31 46
57 16
14 56
49 32
21 61
76 39
73 55
1 18
3 59
53 56
5 21
64 73
65 71
23 1
10 18
45 54
36 15
72 10
76 75
68 21
44 38
20 53
29 48
70 15
74 8
4 6
50 34
62 24
63 16
15 45
57 3
62 60
43 30
74 63
76 6
58 8
50 28
32 36
7 6
61 65
10 6
20 46
9 23
7 47
38 7
31 69
70 37
19 66
45 26
17 21
9 48
6 65
27 43
24 3
23 72
25 65
43 37
44 2
56 40
10 5
37 77
2 68
73 60
70 44
74 53
41 15
76 53
31 61
49 54
23 17
57 47
7 3
72 48
6 37
44 44
18 23
66 19
9 14
60 14
53 62
33 40
67 51
16 22
61 28
54 55
47 69
66 54
61 58
64 69
15 41
37 70
74 51
77 57
67 47
60 57
61 63
21 26
30 62
10 66
18 35
39 26
68 9
49 63
55 66
4 31
57 60
6 77
45 5
22 14
9 7
3 55
22 25
36 18
31 45
24 66
64 11
63 45
61 14
25 33
40 34
13 60
67 77
52 72
47 71
60 39
40 60
37 55
61 8
1 1
41 77
34 72
57 52
72 74
77 75
47 64
15 23
1 77
29 59
67 38
35 77
57 17
11 46
76 52
64 19
40 64
33 30
34 35
38 2
30 65
67 14
44 67
7 2
7 51
26 14
36 3
16 69
66 41
9 13
24 73
18 28
27 59
6 56
70 53
41 49
31 23
67 60
19 65
34 68
73 26
63 48
39 57
5 60
27 17
48 3
71 1
48 27
14 7
61 71
54 27
29 77
54 54
53 57
3 2
3 38
47 46
72 20
71 64
48 54
63 77
75 77
6 55
34 6
24 29
53 11
14 29
67 41
43 13
21 19
9 60
23 62
66 59
10 2
6 54
7 58
52 9
50 4
55 54
22 76
53 4
14 5
62 51
58 32
8 36
3 6
67 12
25 57
24 30
46 3
62 2
38 46
29 23
12 37
38 37
48 34
20 35
60 35
27 45
45 44
45 69
65 32
73 23
25 15
39 30
3 29
54 52
38 59
75 18
77 60
41 5
28 36
41 43
62 11
29 26
63 13
61 13
45 22
52 77
36 22
49 4
34 24
1 74
47 55
36 77
19 74
7 18
72 57
27 47
76 61
4 77
43 42
66 74
16 10
53 50
38 26
71 77
11 70
64 18
12 38
29 70
35 59
14 45
76 56
31 19
2 16
55 72
63 8
15 76
6 44
4 11
24 18
39 5
17 9
6 6
62 45
7 57
27 48
26 66
22 54
38 53
2 44
25 56
14 16
77 21
4 5
12 71
37 18
60 59
12 7
36 55
60 54
22 55
50 37
32 70
3 41
30 77
54 31
67 53
52 67
22 42
44 48
27 25
65 28
27 20
43 46
66 47
76 67
70 14
53 31
32 32
13 57
65 45
61 74
74 55
58 35
10 14
19 52
38 19
43 48
68 19
14 35
29 57
44 76
26 7
11 20
16 40
43 54
70 64
42 19
52 17
51 38
55 55
26 65
13 43
39 7
60 55
7 9
33 27
61 3
28 24
72 5
2 29
76 13
65 44
22 9
69 12
50 25
8 50
14 42
33 39
69 26
52 38
41 69
77 15
64 23
46 48
39 43
28 35
41 8
72 35
52 66
4 54
49 13
13 64
1 20
4 16
36 46
7 38
70 77
74 22
72 64
2 65
10 19
23 77
54 7
17 63
39 39
42 70
13 75
19 48
40 69
61 43
3 46
36 19
25 17
59 18
1 51
67 1
22 62
21 65
54 3
42 55
34 7
3 76
56 57
41 23
17 24
37 42
57 2
42 51
49 52
15 18
42 1
7 65
61 23
48 49
20 61
72 32
71 11
2 62
20 15
14 25
48 77
17 39
22 21
27 38
3 45
58 52
8 34
36 58
69 54
55 18
75 69
3 11
25 16
43 53
77 4
73 18
77 76
21 56
68 32
71 35
13 27
35 4
49 46
54 49
40 52
16 45
4 34
62 15
23 43
55 5
35 53
28 37
62 5
35 47
24 4
40 65
44 8
66 35
38 43
67 23
24 60
44 59
27 75
6 7
40 16
75 52
72 62
49 36
73 17
4 68
10 43
71 36
76 50
4 74
45 48
17 30
2 41
24 63
63 76
53 39
46 56
14 9
71 44
34 37
40 61
31 68
6 23
9 8
13 15
24 19
23 3
20 38
22 46
8 16
71 23
77 55
48 9
57 31
15 37
52 55
50 58
2 69
63 32
23 13
18 33
33 23
36 23
25 36
20 72
12 18
16 54
45 70
44 27
7 16
21 10
70 66
18 64
40 19
42 53
75 25
48 11
4 69
40 75
19 59
7 39
56 71
61 52
50 70
28 67
73 4
70 20
48 17
44 72
48 18
73 9
27 33
3 52
7 55
27 28
68 53
26 41
76 43
29 65
26 1
47 5
47 32
53 5
26 32
13 36
63 39
22 69
76 68
69 28
60 32
40 25
54 66
59 31
24 71
62 52
75 9
29 25
21 4
15 20
76 28
75 49
39 28
12 77
23 64
43 2
16 43
6 60
73 63
19 54
16 36
51 32
12 34
66 34
68 51
30 58
11 21
32 68
50 16
71 66
67 72
75 20
49 6
53 71
64 26
2 39
33 6
51 36
34 3
64 29
48 32
67 75
34 54
2 56
12 25
13 58
49 74
68 13
65 72
42 67
1 70
56 26
35 51
53 25
6 15
69 11
73 20
41 1
13 8
62 10
76 11
30 40
1 6
34 29
6 18
17 70
22 58
38 35
33 2
9 30
61 72
47 61
8 70
55 26
24 45
20 60
26 43
42 27
51 70
74 29
50 52
26 9
28 28
36 49
77 69
72 65
38 74
56 67
62 20
72 71
21 22
72 21
69 55
29 66
43 64
57 34
72 28
23 49
37 7
56 70
40 36
61 22
24 44
38 25
47 72
75 33
53 16
50 46
72 46
54 53
75 65
5 36
33 4
44 69
6 76
68 8
13 72
13 13
72 18
71 10
41 51
70 6
65 22
26 13
8 17
46 73
34 27
43 25
73 11
77 74
32 31
60 22
39 54
18 50
65 36
34 63
68 24
1 45
38 60
45 27
38 54
33 14
7 31
2 15
15 49
12 31
44 1
11 62
72 9
75 42
39 4
54 9
59 76
1 52
16 56
5 54
64 9
50 21
12 20
37 49
54 74
74 7
20 51
26 47
37 39
61 62
15 53
59 72
7 64
63 26
20 41
66 33
13 22
9 10
73 33
10 10
70 31
55 10
48 29
4 46
42 4
26 72
31 66
19 7
34 1
35 36
26 37
29 36
54 45
68 68
6 9
41 30
14 48
55 63
45 68
43 76
75 51
11 5
66 2
47 50
7 27
31 14
27 10
9 70
28 26
20 1
10 40
76 10
5 47
15 42
43 40
38 48
39 51
29 68
51 8
51 72
48 4
15 52
4 19
65 9
63 23
23 47
2 43
54 30
51 61
4 28
50 38
39 12
15 62
8 68
41 7
20 12
56 25
16 30
23 44
25 39
35 33
17 27
30 55
35 66
44 64
10 12
56 77
63 28
18 44
57 56
57 70
76 32
67 22
32 30
2 17
63 12
76 60
35 71
1 76
36 12
43 66
1 46
17 10
34 45
49 70
33 28
66 50
70 46
57 39
53 33
37 57
6 11
8 56
14 37
26 64
66 42
37 40
25 64
21 38
29 22
24 17
45 76
3 22
34 65
62 27
31 28
55 32
73 71
42 40
40 55
39 56
5 73
4 25
49 5
4 38
67 58
7 66
26 19
10 38
70 38
38 8
25 35
31 4
38 23
30 6
17 51
53 27
57 5
51 71
15 60
9 22
66 49
36 35
68 35
15 10
47 62
36 68
51 5
27 15
3 27
8 41
38 71
4 35
3 14
37 28
70 19
26 18
32 29
35 35
57 42
14 15
45 39
11 73
73 50
11 53
28 73
24 31
74 6
37 8
58 60
24 40
53 54
52 3
2 26
12 1
17 72
14 34
66 57
16 49
7 7
24 39
46 68
23 4
40 72
52 12
73 68
77 10
31 34
60 73
45 62
31 37
60 43
21 59
31 12
56 48
56 17
14 27
37 22
58 28
70 23
12 10
56 65
1 47
63 57
51 26
32 62
54 44
4 9
60 67
61 7
64 42
69 20
39 58
3 12
53 35
14 38
46 58
40 11
74 77
75 6
23 56
44 60
50 14
72 70
55 76
2 13
43 20
20 30
3 36
53 40
3 5
50 42
16 9
67 31
57 76
15 38
58 30
30 24
74 74
44 54
32 61
42 76
9 36
1 11
38 58
57 23
15 46
16 39
10 30
2 47
43 70
29 41
73 49
61 17
25 59
61 40
26 28
28 1
17 5
69 60
60 69
67 37
11 68
5 26
25 61
14 47
28 46
36 11
48 56
33 53
33 17
74 1
56 50
16 4
41 25
17 40
64 7
58 71
50 64
71 67
35 61
66 58
53 77
25 14
77 39
58 62
23 30
58 72
7 67
23 10
53 1
15 40
35 60
53 30
65 27
77 26
6 47
12 67
56 42
72 67
64 3
50 36
30 25
60 45
41 52
63 56
15 2
40 53
39 9
39 23
16 42
18 20
15 63
47 77
61 2
34 50
65 37
12 57
72 14
77 63
10 65
2 53
21 31
56 2
71 16
71 47
36 37
27 57
40 59
65 63
59 10
25 72
15 56
65 10
38 70
51 25
58 46
12 63
76 55
41 22
8 5
4 33
77 53
57 62
7 8
18 41
9 12
46 33
41 32
64 30
58 76
45 74
27 74
11 28
3 71
10 56
69 9
54 35
11 7
59 68
29 19
1 75
12 56
50 67
5 4
67 70
42 5
21 55
21 15
32 19
1 68
70 41
40 30
74 71
33 25
51 57
71 73
37 43
24 50
3 56
5 39
25 34
2 49
15 16
50 19
62 71
75 62
17 34
10 29
37 75
18 46
15 65
69 16
1 29
41 44
39 1
24 38
33 19
13 71
23 61
21 23
58 1
29 34
55 75
19 25
30 71
58 40
41 72
28 9
47 45
24 8
38 68
22 32
50 9
32 60
29 53
17 1
61 51
20 48
73 53
48 53
32 77
38 63
40 68
26 50
57 28
1 28
42 74
61 11
75 59
26 71
4 50
40 48
49 45
15 67
28 20
5 35
14 18
44 7
31 1
33 3
21 63
70 24
27 40
4 60
42 17
21 67
9 61
36 31
15 57
56 54
14 22
71 32
59 41
43 14
63 71
49 34
44 20
60 64
39 59
21 72
42 29
32 7
56 24
45 20
48 13
33 32
5 55
69 31
23 71
35 39
63 51
77 2
22 29
55 37
22 13
18 17
77 65
48 72
46 34
32 52
49 76
6 69
11 11
21 8
15 15
28 40
10 47
32 67
33 20
76 58
64 4
59 62
57 57
45 21
54 25
18 51
70 17
19 13
52 2
39 65
1 71
45 14
65 5
75 61
65 24
66 18
16 63
16 28
30 2
14 12
46 38
18 52
36 4
38 15
28 60
35 2
51 63
26 45
57 64
5 28
49 35
70 75
40 66
30 22
44 36
31 67
72 51
76 14
63 38
25 29
43 33
54 64
38 51
44 61
71 70
5 76
36 66
3 3
27 30
26 61
76 72
25 68
26 21
38 5
5 7
10 60
58 73
52 48
77 67
58 11
28 62
69 57
49 33
30 26
62 33
51 1
14 52
54 41
61 10
27 67
23 40
57 74
39 17
53 2
52 29
22 35
74 69
39 45
5 43
6 46
72 31
73 10
7 23
31 65
37 20
56 37
11 30
57 40
46 9
13 37
15 4
20 29
43 7
62 8
14 6
75 4
18 42
51 73
52 5
9 28
27 22
12 16
45 10
48 8
25 6
10 37
37 24
40 37
77 1
54 57
8 22
56 58
72 2
13 30
56 12
24 10
37 52
30 48
76 29
54 70
15 25
75 54
52 19
38 9
29 38
69 29
73 45
47 12
62 22
38 61
46 70
33 58
72 16
1 55
30 15
75 21
9 43
42 12
30 38
13 18
56 8
69 34
4 53
60 12
18 8
57 77
14 62
29 73
42 34
65 39
71 19
31 32
44 39
41 73
51 62
70 13
74 31
40 62
64 67
31 60
67 74
76 35
7 70
45 65
67 46
14 1
55 70
34 20
59 6
43 51
60 68
68 33
65 25
56 75
19 55
48 16
59 67
50 72
19 42
41 24
36 34
35 45
59 53
75 39
74 30
8 54
20 17
29 16
42 42
5 5
60 7
53 23
14 65
6 25
36 63
55 21
47 8
47 34
71 49
50 5
45 60
46 22
64 28
18 37
31 75
74 47
39 60
47 57
24 62
9 17
38 30
70 5
77 50
49 60
48 65
15 70
29 45
77 32
60 29
50 62
72 75
36 43
49 50
37 35
8 71
6 52
34 77
18 1
49 39
22 27
36 47
56 9
46 17
66 32
41 17
51 22
50 61
29 56
40 4
77 56
36 54
67 35
31 41
24 55
58 22
59 8
11 52
39 46
24 68
63 62
47 25
10 51
47 15
33 64
39 63
60 33
22 26
20 13
22 43
59 3
49 55
39 69
21 45
27 23
10 26
64 2
68 55
19 68
6 51
32 26
64 63
7 22
67 15
11 22
50 40
73 67
11 48
63 50
11 76
22 57
61 76
36 53
33 52
53 72
44 3
60 46
42 77
25 73
68 58
69 59
2 33
39 52
18 21
1 44
75 55
16 34
69 23
10 49
30 8
12 29
54 23
70 51
17 18
39 50
56 63
33 49
60 23
12 65
55 56
33 12
39 37
59 20
49 53
21 75
38 1
30 47
30 30
12 44
24 28
55 62
13 11
11 15
16 51
74 15
20 43
25 62
57 37
9 25
32 64
48 69
57 69
64 53
40 27
16 66
55 14
48 51
27 24
77 54
13 45
29 40
61 30
7 53
45 63
20 23
67 8
22 61
57 22
54 17
12 26
9 77
19 70
75 32
7 77
17 52
30 14
50 32
62 18
64 14
12 47
7 14
52 33
47 43
6 20
69 38
25 25
75 74
15 77
34 70
52 59
58 12
55 6
63 74
64 74
72 44
53 3
52 45
7 40
65 53
68 6
65 7
37 41
25 51
60 31
51 54
71 31
74 21
36 65
15 74
53 61
13 31
54 2
29 39
63 58
5 25
77 12
68 34
20 25
45 51
60 17
70 9
73 15
37 71
36 59
77 44
1 59
53 41
42 9
19 5
64 57
40 67
47 28
4 59
32 14
6 12
47 29
15 27
7 11
25 22
61 75
19 9
10 62
34 19
38 77
72 68
66 76
77 25
68 72
77 29
70 57
70 18
19 45
50 47
66 36
76 70
10 8
46 57
30 21
47 13
62 36
3 8
5 63
28 66
63 43
38 62
52 57
5 56
73 76
62 16
38 34
64 77
22 72
61 77
32 69
52 53
14 74
20 40
11 58
74 35
10 41
5 6
52 32
65 6
76 47
5 74
23 23
25 66
21 57
2 55
32 35
27 8
60 2
20 16
65 23
48 74
28 15
53 48
70 54
21 32
12 4
22 47
32 16
65 20
42 28
6 45
62 62
32 22
5 3
8 40
30 74
70 50
29 21
74 72
25 76
63 7
6 75
74 61
41 29
70 25
21 42
12 24
56 10
37 69
46 1
72 69
76 37
45 19
46 65
2 57
2 27
4 48
67 55
3 73
22 7
8 62
60 66
11 44
44 31
56 15
19 11
50 10
58 57
59 37
17 50
17 65
14 30
56 31
40 1
71 74
41 45
45 72
49 18
49 11
22 8
12 54
61 33
66 45
67 11
38 57
53 45
31 33
70 73
57 4
8 58
34 57
33 76
22 1
61 45
10 53
57 58
15 73
29 33
8 15
62 77
76 71
69 68
40 74
25 67
43 72
26 12
65 40
65 21
17 20
37 64
37 21
51 19
69 77
58 19
1 33
7 73
73 12
73 37
16 33
9 9
58 3
2 8
6 59
19 57
49 12
56 30
71 69
67 57
57 66
1 30
50 11
63 25
58 36
76 38
4 62
43 67
77 18
56 74
13 32
50 68
52 6
9 20
8 7
64 24
70 27
15 64
10 70
26 38
20 7
77 36
14 28
65 67
12 70
21 64
20 65
66 68
74 68
8 44
3 51
24 67
39 11
59 69
32 76
6 66
40 32
51 4
17 66
64 44
19 41
62 38
17 29
52 14
27 55
20 18
40 57
66 51
42 68
29 8
2 75
25 55
5 42
34 23
36 6
20 71
29 20
46 51
7 10
71 68
71 14
23 8
35 75
60 25
46 13
18 19
77 71
9 16
19 67
56 47
62 74
6 30
63 53
12 13
59 43
75 63
46 26
16 60
57 14
35 12
57 71
20 37
77 24
66 37
74 25
59 63
36 40
14 50
46 29
17 43
29 2
46 25
1 58
40 50
25 38
72 30
11 42
28 2
73 3
46 31
59 17
6 4
60 42
56 13
49 1
41 50
20 59
8 51
62 47
60 37
70 74
27 70
13 41
17 64
37 32
26 68
72 55
73 75
54 77
69 3
59 66
68 50
11 26
40 33
39 10
49 30
14 75
64 65
23 28
74 59
37 3
39 31
12 55
28 72
8 9
7 52
16 73
62 75
26 11
57 36
47 19
65 15
18 26
44 42
5 49
10 20
50 74
37 62
48 61
48 36
19 63
64 1
10 1
72 59
47 38
62 43
73 47
25 28
21 39
52 70
28 61
38 76
51 34
14 53
56 19
77 3
66 70
37 5
48 31
15 14
29 60
35 9
16 48
29 72
26 5
11 66
58 38
18 61
76 20
56 11
51 17
76 18
47 4
48 12
77 35
11 39
44 23
21 44
63 37
44 10
66 56
20 44
70 10
28 52
59 65
48 39
25 20
37 10
42 69
49 16
10 75
55 48
44 53
59 54
21 58
34 46
65 69
29 43
66 26
30 63
32 49
76 59
72 77
75 12
72 60
50 50
13 39
8 32
74 66
40 26
48 55
77 40
62 35
76 31
73 58
60 26
65 30
20 52
59 19
69 10
15 34
55 53
50 63
1 49
9 4
31 64
35 72
21 43
55 41
16 62
74 76
77 46
18 47
48 33
67 39
19 28
2 25
40 77
13 2
55 24
48 37
14 21
43 4
27 35
66 30
57 59
8 13
35 63
76 7
27 61
62 73
34 76
16 3
64 27
27 42
28 39
52 60
60 18
31 25
5 30
24 64
68 44
67 67
4 4
56 69
67 21
62 28
37 59
69 53
44 15
45 30
33 67
59 75
37 19
49 9
60 70
64 10
54 13
68 23
58 54
41 6
25 30
13 1
16 74
59 50
11 9
20 5
61 54
27 51
50 24
19 64
3 60
5 72
75 72
29 49
4 40
69 41
4 20
65 19
3 43
59 16
19 46
38 18
1 64
60 21
68 66
69 39
43 50
6 48
45 33
65 54
53 63
35 26
75 15
61 68
48 43
61 70
28 7
22 28
52 7
63 69
17 19
47 1
68 77
61 32
3 39
58 21
47 49
42 25
37 46
10 61
28 18
77 62
5 40
54 40
12 42
55 4
28 44
68 46
42 63
31 63
10 7
44 68
17 37
24 9
8 24
3 54
35 48
77 58
31 3
15 28
42 43
15 68
57 20
12 76
72 11
2 5
28 69
54 11
72 33
54 65
28 42
32 73
16 77
46 77
59 36
29 75
61 56
51 47
52 75
39 21
66 20
53 58
72 22
74 33
66 27
70 55
6 43
31 53
56 14
57 25
58 55
53 18
22 75
11 33
47 11
14 59
47 56
8 63
51 67
62 6
11 50
23 16
28 32
22 23
61 50
7 15
54 69
51 35
48 70
20 24
69 74
12 5
24 35
35 24
34 15
41 42
53 15
40 70
59 11
3 66
9 72
4 7
54 29
52 20
74 23
8 26
69 69
68 26
75 3
71 9
14 58
44 9
43 12
49 67
45 12
75 27
70 42
6 67
67 66
69 47
60 27
17 69
24 6
38 44
21 68
76 17
28 13
54 38
39 14
21 17
5 14
15 31
13 17
20 34
46 47
25 77
68 10
41 14
50 49
66 1
39 61
53 51
17 32
33 60
50 53
38 56
2 40
40 47
29 28
13 25
21 70
43 26
75 16
60 50
18 72
58 39
76 2
77 5
34 2
16 1
29 27
2 54
51 64
45 36
51 27
5 8
61 60
38 50
16 46
53 32
5 61
75 44
30 3
72 12
63 4
28 55
2 34
40 54
72 41
59 59
35 8
41 67
39 66
6 5
73 1
3 32
22 45
18 67
22 56
49 58
15 1
54 16
51 59
7 44
25 19
32 25
53 66
73 65
58 59
33 44
69 8
38 73
18 45
18 15
17 11
42 24
51 10
30 29
9 2
17 13
63 24
9 76
18 54
75 7
38 27
47 40
56 34
55 67
69 45
46 72
13 59
2 52
66 73
69 30
21 76
50 35
24 76
35 58
31 57
60 10
13 54
52 68
54 12
45 42
41 75
8 35
14 3
32 53
6 29
58 47
57 49
30 51
15 6
33 1
57 29
67 18
28 3
76 24
48 71
63 55
42 60
36 64
45 25
54 50
35 23
77 77
24 23
69 5
12 39
26 54
19 22
66 16
11 56
75 66
71 27
40 22
51 76
52 61
56 59
61 35
66 14
23 24
31 27
9 74
36 36
44 52
72 66
59 51
63 60
36 67
74 37
7 30
52 31
63 65
3 69
8 1
59 57
47 6
8 19
17 12
45 24
62 12
51 48
21 46
7 37
11 12
63 34
77 52
77 20
35 27
31 70
28 74
23 39
75 43
65 18
62 29
73 22
2 1
56 1
9 5
61 6
27 46
20 28
7 43
2 74
56 43
23 46
67 32
12 52
10 13
24 21
70 21
24 2
17 7
32 44
70 72
66 22
19 39
2 73
58 58
63 22
30 60
68 18
52 62
10 31
5 66
1 67
20 10
7 21
20 19
38 32
7 71
2 9
5 12
3 34
13 63
4 21
61 16
8 6
34 39
22 2
14 64
64 16
3 4
41 39
35 68
32 47
10 73
32 51
47 37
1 9
47 22
63 1
43 44
48 20
4 64
39 40
71 65
23 55
69 21
5 38
36 42
50 7
55 22
27 9
72 38
57 51
19 30
75 46
4 8
39 72
31 48
8 67
71 51
13 69
36 62
51 28
45 45
72 1
61 73
1 39
43 69
12 62
71 52
1 35
70 26
52 13
64 33
56 27
59 56
7 25
28 49
73 56
35 54
58 20
29 51
70 61
10 15
50 41
35 73
72 76
40 20
32 4
29 63
9 45
19 6
24 51
4 2
64 72
44 4
43 11
38 65
52 52
5 2
14 57
69 37
21 6
27 62
74 34
5 59
75 1
77 41
53 47
9 57
6 58
18 24
58 7
62 59
52 44
5 19
14 8
9 15
24 47
59 23
69 35
14 51
32 75
21 35
20 22
42 11
1 21
47 48
17 59
49 69
26 20
28 64
73 73
47 42
75 76
70 2
23 41
8 37
75 35
48 41
50 48
51 68
9 55
48 75
10 21
27 41
5 68
7 46
13 67
27 76
25 4
49 48
36 32
40 31
59 61
16 53
23 5
11 3
42 50
29 7
51 6
61 49
40 21
33 62
35 41
35 56
35 15
8 8
53 17
6 38
6 14
40 14
17 25
53 9
9 33
50 13
26 59
26 58
34 44
45 7
54 15
46 45
60 9
6 62
74 18
49 40
26 55
4 47
67 50
37 47
8 30
46 69
62 17
55 38
76 64
14 73
34 31
32 10
9 19
32 46
65 70
26 69
46 60
34 28
63 2
64 76
44 41
65 57
45 75
36 72
68 54
35 10
46 63
28 45
41 76
5 51
51 15
71 55
26 52
40 42
16 2
25 23
69 43
70 7
57 45
25 13
60 34
72 45
53 69
66 15
51 69
34 51
1 31
19 50
11 13
62 30
75 26
52 73
21 36
31 47
36 30
67 5
31 49
8 75
36 1
71 71
39 55
22 4
64 64
6 34
50 33
34 12
50 15
20 26
37 30
10 58
70 36
76 12
53 59
26 31
22 64
1 22
72 29
10 64
71 7
73 14
5 45
45 38
18 63
48 66
35 57
43 35
5 31
58 68
51 12
36 44
42 3
21 33
53 55
70 65
46 44
29 13
77 27
46 7
7 62
44 77
45 66
16 55
77 9
16 19
14 44
68 37
2 31
23 74
36 5
6 33
47 54
3 20
51 39
59 48
75 48
77 73
68 69
75 45
48 22
39 22
36 60
39 47
16 32
69 6
51 43
13 40
73 24
11 1
67 33
57 15
10 16
45 1
52 35
70 1
40 46
23 11
21 13
46 46
14 67
2 21
6 31
55 60
46 52
7 45
57 68
10 55
27 18
8 47
8 33
33 66
18 4
48 67
63 68
64 61
3 31
4 30
64 6
18 56
34 10
49 7
61 9
62 14
50 29
57 11
32 65
3 18
13 35
59 21
11 41
47 36
43 52
34 64
13 29
55 50
38 66
43 27
44 25
31 29
37 2
23 27
23 29
64 8
66 64
15 50
76 62
54 51
42 54
52 26
47 24
41 58
64 25
58 43
72 37
19 24
44 30
1 7
29 4
60 16
31 36
63 54
8 29
4 14
76 66
16 71
33 24
52 40
38 55
70 70
42 13
20 58
43 34
13 38
59 26
35 52
9 67
4 66
2 60
5 71
70 32
60 52
50 60
18 25
14 26
73 30
45 55
65 50
26 74
53 29
18 48
28 77
53 7
47 53
30 68
64 51
40 49
30 4
27 64
2 12
43 8
61 46
58 9
52 54
37 45
2 50
37 63
55 23
73 72
39 33
26 2
46 55
45 28
37 31
77 48
17 71
24 42
59 30
32 58
5 77
40 12
35 76
60 58
41 47
31 43
41 16
44 73
48 2
60 71
20 67
29 18
28 8
10 52
74 5
33 38
71 60
22 31
52 27
77 19
48 42
48 26
34 41
73 36
15 36
20 36
28 58
25 48
10 42
33 34
11 23
56 66
58 10
54 32
48 58
14 33
66 72
33 9
3 24
59 64
35 50
18 34
12 53
19 43
72 54
25 11
67 49
54 4
71 50
37 23
9 59
25 27
31 20
1 48
8 11
52 8
52 34
61 64
16 70
4 67
35 13
71 53
71 40
33 51
58 24
34 26
13 76
48 57
66 23
48 45
57 9
37 51
15 7
32 8
38 20
59 33
32 23
47 31
61 1
57 44
67 64
50 76
19 60
54 43
76 57
71 41
43 17
18 36
69 46
57 24
74 48
64 34
7 13
47 33
26 23
48 1
15 3
27 66
28 48
12 41
57 12
35 65
47 74
25 31
62 66
74 16
29 74
42 48
37 61
69 63
48 10
67 29
27 44
11 37
19 36
3 19
52 23
20 49
58 17
73 69
63 31
43 21
31 22
43 49
45 53
66 62
38 10
40 18
20 4
29 6
61 48
36 38
44 40
46 20
72 17
18 9
8 43
14 63
59 1
55 7
2 18
56 18
25 47
53 46
46 24
28 41
11 65
37 14
45 17
17 6
11 49
45 2
64 38
28 22
39 6
43 63
13 20
33 42
44 5
43 16
24 34
12 32
57 13
75 23
56 72
41 27
62 57
61 15
51 24
73 19
52 36
21 34
12 27
23 20
26 36
48 68
28 27
8 65
1 17
64 39
61 41
50 54
30 11
7 50
31 26
77 13
45 3
40 17
58 64
63 41
67 62
21 11
64 66
5 16
38 13
66 77
54 18
45 61
44 62
35 21
59 40
11 4
42 37
12 30
32 2
37 13
4 52
6 42
17 55
36 52
68 40
31 50
8 39
20 8
49 62
68 30
60 47
27 71
47 60
44 47
25 60
45 35
65 58
48 63
74 24
54 37
48 47
76 73
56 38
63 66
38 4
75 5
31 39
9 18
10 76
59 32
37 53
74 11
56 41
49 3
67 9
22 59
11 36
77 68
54 60
35 22
53 34
28 12
42 8
76 4
35 11
41 74
46 53
11 32
29 30
70 59
75 40
64 21
6 1
60 48
42 49
13 50
21 12
69 25
58 44
35 16
68 73
34 53
10 11
44 57
58 75
36 56
25 1
36 70
72 56
76 34
51 29
12 33
65 49
36 51
65 4
34 56
67 61
68 4
67 36
75 29
71 62
39 73
43 28
30 59
67 34
42 58
69 50
55 25
51 14
24 20
66 28
76 65
62 4
58 33
71 30
20 14
56 46
28 43
29 54
7 60
21 9
50 56
13 12
69 65
19 15
68 57
9 31
66 44
67 68
34 73
40 6
36 76
5 24
4 72
9 63
71 2
6 40
24 32
68 5
63 61
5 75
33 41
77 70
51 77
70 76
66 40
55 27
71 43
33 31
23 54
73 59
20 55
10 28
12 58
57 38
22 50
65 8
35 49
15 75
44 13
44 55
25 58
5 62
20 62
38 47
18 76
65 61
55 11
12 3
74 27
4 26
14 36
17 28
64 55
41 64
30 35
73 25
47 73
62 39
53 73
18 71
7 69
4 3
2 30
6 74
39 25
14 54
43 1
14 17
18 10
19 56
18 73
33 11
58 26
24 72
73 62
57 8
3 15
14 2
36 2
37 36
16 24
51 46
29 55
40 40
68 76
62 64
50 31
56 35
43 58
65 76
1 25
10 44
56 61
57 27
68 1
9 49
29 62
33 5
63 44
30 46
20 31
8 42
74 46
64 48
65 52
54 46
35 30
42 26
12 64
68 16
8 38
13 52
59 24
60 74
39 64
33 45
8 46
66 71
49 17
59 15
6 3
53 74
61 12
20 74
34 75
39 42
13 77
29 46
49 68
30 50
16 18
36 21
20 69
32 48
22 11
60 20
26 49
13 65
68 64
19 34
45 56
55 16
53 14
72 15
25 70
44 58
69 18
24 1
19 47
39 44
7 35
52 39
29 44
34 71
70 4
47 67
41 53
75 67
34 30
63 14
67 30
36 57
29 61
69 24
73 54
27 3
15 21
53 53
18 77
74 26
8 10
76 45
50 17
46 39
10 3
72 40
63 9
36 8
30 52
22 49
59 7
2 61
44 26
77 45
4 75
53 70
36 16
2 64
44 65
11 77
23 76
50 65
48 24
77 66
62 56
41 13
15 17
60 53
55 42
57 63
65 77
72 13
43 19
15 33
11 34
52 16
46 30
71 3
73 44
58 65
51 44
50 77
69 48
65 17
26 67
8 59
19 8
28 57
12 49
63 29
12 43
74 2
23 36
68 65
27 53
65 64
14 14
45 18
75 71
59 46
26 51
8 4
42 38
11 57
61 44
40 45
18 7
27 11
38 22
64 52
11 72
35 69
54 1
35 70
19 77
5 10
22 52
57 46
13 73
4 29
67 28
25 40
3 65
1 19
2 19
23 63
35 25
43 71
42 73
67 69
18 22
18 60
16 25
11 54
61 67
5 1
1 61
62 55
74 42
36 27
51 16
17 53
15 11
3 28
61 36
70 30
28 68
74 49
27 14
6 26
63 67
28 29
52 56
49 49
13 48
31 7
48 38
73 21
20 42
77 61
41 40
26 35
76 5
37 1
2 14
19 23
29 76
34 62
30 33
18 2
52 21
8 14
59 52
17 36
68 63
71 12
74 10
55 33
41 55
46 43
9 56
71 15
30 39
41 18
16 47
61 37
46 66
17 8
1 69
74 17
53 10
20 39
3 1
75 13
43 6
56 21
6 61
54 10
75 56
6 21
33 59
29 67
51 42
15 48
68 38
66 53
68 70
17 47
14 32
69 72
31 21
76 8
16 50
71 20
75 50
41 61
63 30
39 76
55 3
32 42
59 27
5 52
9 47
31 55
59 70
34 4
72 8
18 66
50 43
63 59
27 34
9 42
72 73
1 5
27 73
24 75
22 68
24 25
5 23
3 23
23 15
33 73
5 44
28 63
52 11
63 49
37 68
63 75
6 49
49 66
5 58
9 58
21 51
7 59
43 10
73 34
2 72
16 68
57 35
64 17
12 73
70 28
23 65
59 2
70 49
28 30
64 22
70 63
63 20
41 36
31 18
3 50
12 66
42 15
58 15
35 14
33 71
13 61
8 23
46 76
68 11
17 31
11 61
8 74
73 41
54 58
61 59
35 28
56 55
70 47
73 32
4 70
33 22
71 46
53 26
41 68
16 61
54 6
22 66
44 49
64 49
30 41
56 68
22 51
4 15
23 19
14 72
58 45
48 44
54 56
13 6
28 33
30 16
25 63
6 28
15 55
62 67
67 65
49 37
59 39
50 30
32 11
74 32
37 16
67 2
30 67
62 65
5 50
51 58
36 74
47 18
11 24
47 35
73 70
51 52
41 63
23 14
27 21
21 18
38 16
71 21
77 64
76 54
73 48
3 63
33 69
27 50
1 12
67 54
18 18
27 56
40 76
29 14
38 11
65 59
71 76
14 60
41 2
52 58
4 32
67 43
6 73
8 18
5 37
33 47
47 51
42 31
21 77
22 15
50 27
16 6
2 77
41 12
6 53
67 73
21 25
50 75
17 4
54 71
20 70
32 54
6 36
4 43
70 48
30 1
10 48
68 41
77 30
74 44
23 38
65 68
26 77
7 42
49 23
18 5
53 65
68 15
58 16
72 6
69 58
56 33
24 56
62 61
12 68
77 37
30 31
28 53
12 12
18 13
56 49
37 4
7 75
19 35
50 45
50 57
57 30
58 14
6 8
76 40
76 49
68 25
21 54
6 71
41 38
55 59
1 72
49 51
18 6
7 19
42 64
54 62
27 32
25 45
56 53
26 62
40 13
17 67
7 74
28 51
16 12
34 17
62 34
19 73
20 20
67 42
3 33
21 74
68 31
76 69
24 24
28 70
55 46
55 61
54 20
6 41
45 29
31 59
27 52
33 74
58 27
76 22
55 35
52 71
11 75
53 43
57 26
12 60
69 64
24 13
75 30
9 53
26 15
25 43
64 58
66 61
15 39
58 51
1 62
31 9
52 63
3 16
76 41
32 71
21 73
49 21
10 63
67 44
57 21
37 25
64 5
46 4
23 9
74 28
17 35
34 74
6 63
43 18
7 56
14 55
72 23
30 17
45 73
46 11
34 13
17 76
76 46
16 20
20 50
8 12
46 49
29 71
71 22
44 46
23 53
27 5
68 20
18 29
6 2
9 54
67 56
11 55
14 13
13 16
45 50
26 30
32 9
60 30
75 68
37 12
19 17
31 35
62 3
3 72
58 50
19 37
61 4
1 13
70 16
9 65
27 37
34 21
59 49
15 32
9 64
6 72
9 46
8 73
41 31
1 37
54 63
61 34
10 71
42 52
42 32
19 21
72 24
13 24
39 13
3 44
3 70
32 43
40 38
77 34
2 2
25 10
10 9
22 41
9 71
11 59
39 2
13 34
30 13
73 31
68 22
21 53
9 50
19 1
49 24
70 39
77 14
37 65
42 75
54 33
16 38
17 73
34 52
58 5
10 33
62 72
67 7
70 68
32 57
52 46
30 36
22 33
6 39
63 5
30 57
11 31
32 27
34 5
71 56
47 76
26 3
58 6
37 72
12 17
18 14
55 8
2 36
75 8
73 43
67 63
19 3
75 41
7 5
3 37
12 74
6 64
10 23
58 74
13 51
8 76
18 55
66 21
59 47
19 76
27 2
62 13
42 10
53 12
69 70
50 73
59 4
2 51
64 13
19 10
1 65
63 64
51 11
76 21
73 46
17 56
74 39
47 21
67 3
25 44
2 23
13 66
1 40
52 69
64 15
11 17
64 46
42 41
62 46
3 40
35 74
71 57
18 68
63 33
71 39
16 58
74 12
61 53
38 41
23 52
71 72
64 37
63 70
24 33
62 44
39 32
33 77
38 45
2 32
26 8
36 75
47 39
4 1
13 33
41 28
21 3
49 29
52 42
25 75
59 13
40 9
21 21
33 57
22 53
26 70
76 25
37 27
38 28
39 71
51 37
52 51
15 43
50 3
41 56
9 26
25 21
23 70
75 2
31 54
3 62
32 34
60 49
26 57
34 8
10 34
52 24
17 22
55 1
15 69
59 22
29 31
48 40
5 9
75 47
29 35
67 48
58 67
34 42
56 45
66 66
69 66
45 47
66 65
71 18
48 35
60 8
17 58
10 4
45 6
10 59
66 75
27 68
53 49
51 31
59 77
54 8
19 71
28 65
26 27
33 75
53 21
5 15
50 12
2 48
35 42
7 34
60 65
4 24
69 19
26 39
37 66
49 15
32 33
55 64
22 63
12 59
34 34
38 72
75 64
40 2
47 52
72 25
60 24
67 40
69 27
65 13
66 38
29 11
76 16
27 69
9 62
45 57
25 5
5 41
14 24
62 70
72 47
65 41
16 59
69 56
2 35
21 1
43 75
17 74
70 52
19 44
69 14
69 4
60 1
70 67
49 2
42 36
9 52
30 20
56 3
61 61
40 8
66 39
10 36
15 26
6 16
42 2
43 5
46 74
41 3
15 54
36 24
66 69
5 70
68 7
33 70
72 52
55 45
51 13
69 22
69 76
73 35
28 31
37 74
36 17
47 70
26 33
9 6
49 26
66 13
12 40
14 40
24 69
10 54
43 65
62 76
41 10
34 38
15 22
70 60
74 43
62 53
40 71
51 75
66 17
14 49
26 40
21 27
74 14
65 26
26 26
4 41
51 55
34 16
3 13
49 31
38 49
66 29
60 13
33 33
36 14
46 62
9 41
30 28
28 17
24 46
8 61
34 58
40 23
21 16
3 48
26 56
41 20
73 7
1 56
64 56
49 38
17 42
17 2
75 73
12 11
58 18
24 14
57 73
66 67
10 17
56 39
56 52
9 66
29 3
37 11
45 4
39 75
66 5
1 66
51 45
21 24
39 8
27 54
35 17
45 15
35 67
58 69
20 54
19 26
49 14
53 76
17 54
36 61
13 70
21 69
36 45
50 20
48 50
48 62
55 30
51 21
34 60
29 52
46 61
63 52
51 2
52 64
40 24
63 42
24 57
62 50
75 22
29 9
64 60
63 6
12 19
55 69
54 73
3 30
54 21
67 6
38 39
31 31
6 35
13 19
7 29
73 2
75 58
58 29
13 21
74 67
27 63
39 3
58 13
64 70
55 51
67 26
34 47
1 34
55 28
27 27
19 49
28 10
61 29
28 25
1 38
57 75
13 55
21 62
73 42
60 41
61 47
12 6
74 9
30 7
45 49
47 7
55 65
62 23
67 13
63 11
71 59
28 14
63 40
22 19
44 50
6 57
36 33
65 75
7 63
16 11
22 67
55 73
11 51
6 10
56 44
46 37
30 32
14 11
35 29
34 59
37 60
49 20
11 27
32 20
67 20
23 66
33 46
66 9
59 58
19 19
61 55
17 45
8 31
60 63
1 14
75 28
47 30
60 3
2 28
44 34
1 50
43 23
47 20
9 75
15 9
75 36
21 29
33 35
69 17
77 16
3 53
27 1
21 50
8 66
31 38
77 51
57 41
76 9
7 36
47 63
2 59
17 3
7 24
59 28
50 51
65 65
44 11
53 36
66 8
1 3
5 46
50 1
21 37
55 77
53 44
76 1
43 29
17 75
11 2
64 45
48 5
18 40
68 61
7 28
38 52
34 22
11 38
71 45
65 46
37 38
75 24
61 66
28 54
10 45
45 8
43 31
56 36
20 68
26 6
77 8
18 75
24 43
5 18
63 73
54 24
70 43
30 43
20 9
37 26
45 71
48 59
45 16
23 45
9 24
66 63
65 14
13 26
66 6
16 21
52 41
60 44
68 29
10 24
35 62
38 17
33 15
55 13
43 62
32 12
73 8
68 43
75 70
56 64
73 51
50 69
16 76
5 48
36 9
17 62
39 49
16 72
54 26
14 71
6 27
77 47
22 73
60 36
16 44
35 32
45 31
17 23
63 18
23 73
74 62
42 46
51 53
48 64
47 44
70 8
22 16
20 45
62 25
16 35
21 28
4 63
73 64
34 55
67 19
54 48
4 55
48 14
42 30
61 21
55 44
1 26
61 26
56 5
32 17
77 72
65 1
70 22
49 27
62 19
5 53
22 71
21 30
57 65
14 20
10 72
25 54
32 1
14 10
21 5
11 71
14 66
62 26
25 74
34 36
23 75
74 41
31 16
25 24
17 57
2 76
16 14
56 23
14 43
70 12
69 15
55 36
49 73
29 47
40 7
52 49
43 43
25 53
19 31
33 56
75 57
15 59
60 38
9 68
51 65
21 49
14 4
2 6
23 60
45 40
31 73
37 58
52 37
27 49
47 75
73 57
10 27
53 68
8 21
38 12
23 25
54 34
55 15
49 71
26 42
5 65
11 64
28 4
25 52
45 67
37 17
41 59
55 19
53 6
74 20
42 6
61 24
35 40
56 51
38 14
57 53
76 23
42 61
68 60
33 8
66 24
66 4
44 45
33 36
24 49
77 33
2 10
72 43
23 33
30 70
29 29
44 16
2 37
9 38
54 19
36 39
75 37
46 41
21 66
71 42
50 6
27 26
24 53
13 74
67 27
46 71
51 40
55 68
27 19
11 29
72 4
39 34
33 54
68 67
1 43
62 32
43 68
8 3
17 41
53 19
73 39
37 44
46 42
55 17
54 28
76 76
29 17
56 6
72 49
73 74
63 46
22 70
33 50
33 16
69 75
8 77
25 37
19 72
68 42
7 41
70 58
55 49
47 23
47 68
17 68
42 18
19 27
13 47
36 50
57 54
9 39
68 49
74 54
50 44
25 7
59 12
44 66
70 34
16 41
55 2
59 38
70 40
52 43
12 21
9 34
24 70
14 68
10 57
42 44
24 52
5 29
18 70
12 48
42 57
31 74
65 29
43 60
46 8
59 45
32 74
32 21
68 39
31 10
56 4
54 36
31 5
57 50
39 48
65 51
23 31
37 9
24 65
41 70
69 7
13 5
8 72
33 43
4 12
74 64
16 52
3 17
12 28
68 75
29 1
63 47
24 16
22 5
74 38
32 45
70 11
44 22
24 22
73 40
71 75
30 61
37 54
52 15
38 31
60 40
10 74
47 3
5 20
22 20
23 67
1 73
66 46
26 76
43 74
44 14
22 40
8 49
20 3
63 17
73 6
2 66
15 29
20 33
18 62
30 27
13 9
59 60
32 38
62 31
44 37
34 49
54 47
23 18
20 64
68 2
56 29
20 11
24 12
66 55
32 18
7 17
5 34
31 58
57 18
13 53
7 33
