25 70
4309
68 24
68 62
2 29
28 61
10 47
55 7
13 3
61 18
47 3
51 35
55 56
24 42
2 27
58 34
28 55
64 5
18 68
69 58
34 61
25 26
42 40
28 30
13 31
7 53
20 14
56 43
40 20
15 48
58 3
38 50
1 28
7 35
18 32
9 62
38 17
38 63
27 52
15 69
70 56
64 19
39 48
43 17
63 6
29 21
12 41
2 64
20 25
47 26
67 25
24 20
44 45
62 65
67 64
61 51
60 17
60 47
59 59
15 17
13 55
18 67
59 53
45 51
27 27
1 49
4 1
65 5
26 40
32 48
62 48
14 37
7 27
69 64
33 35
34 68
60 18
37 48
7 21
53 53
41 32
39 58
1 43
51 9
6 33
17 64
60 20
19 10
49 61
58 58
43 41
14 2
1 66
68 29
66 23
56 60
46 33
55 37
68 6
67 43
25 20
54 11
56 34
30 37
17 42
37 40
19 48
53 6
44 48
44 16
55 33
27 33
3 56
29 33
46 20
63 37
56 48
22 3
51 55
27 16
6 52
44 10
56 24
42 49
60 32
67 69
56 65
65 45
28 39
44 64
1 60
63 4
38 67
60 28
5 3
24 63
67 70
30 45
68 49
58 37
51 6
59 14
13 39
39 41
27 10
1 22
34 35
19 52
65 15
2 31
30 17
35 10
53 24
5 47
64 15
28 70
33 57
39 5
31 38
54 67
70 65
53 11
16 1
2 58
57 20
17 29
48 13
12 8
50 41
22 51
20 55
17 31
64 54
61 37
35 59
4 68
35 47
22 65
62 43
42 43
32 51
1 7
62 10
14 49
9 53
4 32
33 38
22 22
49 19
61 16
25 63
18 65
52 8
16 70
64 12
29 43
39 52
18 18
38 1
43 30
55 59
52 25
39 67
5 48
37 55
34 50
51 20
66 47
63 51
17 65
67 55
26 23
45 50
31 4
29 53
58 25
35 25
40 37
43 37
64 23
31 36
64 6
31 52
16 45
69 42
5 40
12 70
15 20
10 42
52 38
13 7
16 18
62 16
42 63
54 64
4 47
62 30
47 1
68 11
61 44
50 28
69 10
20 48
22 41
45 30
59 2
50 64
53 12
43 54
60 11
46 11
44 41
37 14
1 29
57 23
51 62
10 13
23 33
25 60
1 38
24 33
41 58
47 54
19 28
46 49
19 31
21 37
48 30
8 21
23 65
44 8
32 59
39 30
4 37
64 9
20 64
45 11
47 43
63 8
19 32
51 40
26 67
21 51
47 33
62 58
9 7
40 3
57 6
34 22
69 14
55 45
51 21
8 10
8 64
9 52
1 35
7 45
10 10
60 2
68 25
5 45
60 21
28 1
67 6
21 6
63 32
67 29
36 2
10 23
25 50
43 34
26 29
50 38
65 51
10 67
25 61
25 53
3 43
3 14
58 40
43 58
49 51
57 35
62 61
50 14
21 4
66 8
11 60
45 48
17 17
47 10
1 6
37 37
33 32
56 8
46 26
14 15
35 16
26 1
21 11
15 5
6 36
48 4
22 9
17 62
22 70
42 16
1 54
2 65
17 5
28 48
36 8
48 33
36 3
62 37
19 62
28 62
9 18
54 50
60 5
4 55
26 10
17 53
62 56
41 43
12 7
54 27
57 10
48 1
4 53
45 37
5 41
19 46
11 5
31 45
28 31
28 16
15 42
66 53
17 69
22 47
36 67
18 9
57 70
23 69
17 51
67 42
15 60
23 68
33 24
40 5
46 1
48 3
51 48
52 5
63 68
19 26
64 62
70 61
51 56
44 28
53 50
40 49
60 56
21 2
17 27
28 43
38 44
66 58
10 28
56 31
51 70
50 13
9 10
36 11
42 9
47 65
69 54
44 30
65 66
18 5
37 65
29 4
34 6
35 34
10 58
6 53
24 55
19 35
58 31
56 19
64 14
14 64
15 16
19 4
47 27
42 19
8 34
14 44
59 66
41 29
63 59
45 31
58 8
42 54
28 7
5 6
57 39
70 17
25 5
40 47
41 3
43 60
32 52
4 42
2 6
27 29
45 61
34 2
53 63
14 43
4 38
28 33
2 68
5 14
40 29
9 54
35 51
27 9
33 5
17 58
22 29
36 70
36 7
27 58
70 2
40 15
41 38
1 16
30 16
36 15
26 64
45 22
34 43
23 60
40 30
38 40
60 22
9 9
70 33
58 55
69 37
4 52
56 69
59 26
47 38
1 55
63 21
6 43
33 20
54 69
45 18
6 32
43 23
11 37
51 34
1 3
24 47
43 7
17 49
64 42
30 30
55 51
44 62
44 65
62 19
61 34
19 20
40 27
41 20
56 56
18 50
37 21
2 38
26 50
57 68
2 10
68 59
29 63
11 56
68 44
23 2
59 16
30 8
8 70
36 28
45 25
28 17
69 22
19 49
25 36
45 33
20 5
58 59
36 51
23 46
16 54
3 58
66 38
53 27
12 34
13 12
58 65
65 40
44 70
51 69
20 7
3 68
22 19
55 50
49 29
1 32
26 16
65 41
66 69
38 13
8 51
1 26
31 63
42 11
35 15
32 43
67 46
10 17
30 69
7 54
20 17
52 56
26 42
33 45
5 65
19 17
8 35
24 16
9 26
55 26
65 20
38 52
60 33
30 35
11 24
32 67
48 70
29 66
33 29
18 2
1 23
23 57
49 40
63 23
12 57
41 4
4 67
60 52
44 34
25 7
15 11
30 34
26 19
28 63
54 55
14 9
14 4
8 47
16 63
15 51
49 22
62 60
4 29
12 59
69 9
15 15
8 18
41 52
52 16
56 42
22 35
16 65
59 64
20 41
57 65
57 54
68 32
46 55
35 57
27 37
5 37
55 16
40 63
56 23
25 46
31 20
49 32
53 21
63 64
50 8
41 64
24 11
16 56
37 27
56 47
41 5
3 19
11 16
15 7
19 25
25 67
51 54
51 18
22 17
41 44
59 4
33 69
40 2
59 24
14 40
34 11
7 42
59 6
31 65
39 18
41 37
35 40
55 10
42 67
28 19
35 49
42 69
70 68
39 69
23 3
31 28
37 26
50 15
22 30
12 47
44 50
37 7
68 4
53 3
43 25
5 9
28 14
58 20
47 45
21 1
11 11
26 7
59 10
68 45
34 17
66 43
14 45
57 49
25 4
31 3
2 43
62 70
2 35
20 27
25 28
16 14
40 11
18 36
62 14
45 9
53 65
55 25
27 59
24 32
56 39
23 8
4 21
20 40
31 57
45 34
5 29
69 21
48 50
68 57
64 37
41 26
24 50
26 55
58 23
11 8
51 4
28 67
70 43
42 13
7 34
68 36
51 65
48 43
33 66
31 24
3 12
24 8
29 22
41 30
13 59
34 65
41 47
43 66
39 62
20 62
4 3
2 47
66 63
35 70
39 28
16 21
19 24
49 45
50 27
58 68
40 62
21 54
32 60
35 23
42 53
62 40
47 60
65 21
40 6
42 17
69 62
36 18
44 63
43 15
32 63
21 40
7 6
14 19
9 68
63 13
54 32
61 38
21 49
24 22
38 22
56 6
61 52
16 17
28 18
13 50
53 43
49 49
3 32
40 19
42 70
42 12
49 21
48 32
15 46
14 20
19 51
50 40
60 14
52 17
27 44
7 58
38 54
11 22
46 40
10 64
39 38
13 48
59 48
23 47
14 25
33 47
47 68
35 7
46 56
64 55
3 50
2 60
5 30
62 51
61 63
28 2
34 53
31 33
11 64
25 11
5 32
35 65
28 69
60 41
69 25
67 23
1 40
35 12
50 23
11 2
63 11
48 9
23 16
50 59
26 35
36 60
68 70
9 49
48 38
10 43
65 64
47 8
28 20
8 14
6 10
42 45
67 58
68 54
22 25
52 14
5 66
28 23
8 55
52 41
51 66
69 7
63 61
66 13
38 36
54 62
22 38
22 50
31 60
13 70
24 58
29 39
28 32
4 5
4 22
22 58
46 41
65 35
53 20
3 55
63 16
12 55
62 31
61 9
34 64
35 53
26 13
7 13
55 68
62 62
37 61
31 66
53 42
15 55
10 68
10 22
47 49
49 2
67 10
32 56
4 56
15 21
69 17
54 8
33 48
35 20
35 24
63 63
50 30
6 22
20 68
27 64
40 66
61 64
7 30
55 63
59 63
42 5
43 49
25 66
57 24
41 62
2 4
9 65
68 38
36 59
13 69
30 51
11 47
58 57
4 54
67 39
36 23
18 30
33 51
36 52
50 68
19 3
57 62
68 41
63 28
12 15
49 59
3 21
25 29
21 8
22 64
19 11
10 20
22 13
31 5
35 39
37 3
54 12
39 35
30 40
21 57
47 19
43 50
19 69
16 46
30 68
41 69
48 40
43 59
40 36
64 44
42 22
31 31
51 47
1 62
38 39
58 70
51 41
24 9
68 52
16 64
58 27
41 7
12 9
39 40
52 44
42 31
65 62
1 34
56 61
42 46
56 5
48 17
36 54
44 21
42 10
59 58
33 28
61 56
23 36
3 51
59 45
43 12
14 18
55 49
62 53
27 34
67 47
10 35
34 59
60 60
46 63
18 25
18 44
69 11
2 41
11 68
64 26
61 11
61 54
34 55
68 8
6 29
7 18
33 27
32 32
52 11
10 32
24 18
5 18
54 23
69 56
4 26
17 16
63 10
34 26
12 45
68 5
44 42
38 34
9 33
17 40
57 1
7 10
14 32
30 5
24 29
46 42
19 23
26 57
13 62
37 36
66 51
54 3
59 11
37 9
16 24
53 68
26 2
3 35
67 32
26 69
56 55
55 17
67 2
7 16
66 24
2 34
70 62
19 55
3 5
36 5
16 69
8 19
23 53
55 12
66 64
53 9
33 46
46 27
15 44
24 40
62 9
48 42
19 6
43 43
38 61
26 5
39 29
38 16
70 58
13 52
54 35
44 39
5 21
25 23
18 43
66 17
40 51
23 56
70 10
35 27
50 5
15 31
44 37
22 42
21 65
18 58
16 6
51 25
61 8
34 51
21 66
28 68
21 55
34 42
15 28
19 21
18 37
44 29
70 57
22 67
7 26
39 42
39 55
66 32
7 23
49 28
35 21
38 30
28 59
8 33
23 18
45 14
59 62
62 26
44 36
54 31
40 18
57 48
16 15
61 65
30 14
9 4
42 39
53 18
54 47
56 18
47 66
6 42
63 49
55 6
69 61
32 19
10 30
26 17
50 7
4 66
34 10
67 54
47 6
20 67
27 3
43 53
22 37
1 36
51 51
17 43
19 68
43 16
9 29
9 14
54 58
65 32
13 24
21 48
12 26
37 18
10 27
42 64
41 42
26 4
31 17
21 44
48 6
37 28
69 51
55 2
29 12
48 44
51 61
48 59
67 67
19 63
54 15
67 44
49 63
16 10
56 30
18 41
19 8
47 34
6 45
43 19
15 6
57 56
3 52
7 49
40 43
9 6
57 34
68 34
10 19
34 3
3 65
40 69
64 50
33 58
39 7
33 13
28 65
22 56
44 53
49 8
10 56
1 46
59 47
53 17
33 41
3 11
50 51
65 52
43 52
64 49
64 3
37 58
2 69
9 1
19 12
54 40
38 38
10 44
29 58
45 10
19 45
55 35
55 57
4 7
59 42
32 35
39 54
15 65
56 59
23 20
2 36
5 59
18 10
54 54
60 9
2 9
6 26
39 45
43 62
57 60
3 60
41 1
65 47
8 45
34 12
61 43
66 41
51 44
3 1
6 24
6 18
9 59
32 41
64 22
6 6
51 3
14 17
49 56
17 67
54 33
65 44
34 9
49 20
15 29
39 70
56 25
39 10
61 40
31 16
65 43
11 28
70 69
63 56
4 49
12 19
16 43
33 62
45 28
27 63
60 49
64 61
20 24
30 61
9 56
65 1
31 46
38 4
2 40
70 16
24 7
46 46
63 43
44 24
43 18
51 26
47 18
57 40
15 50
62 15
65 28
66 2
57 57
25 55
62 18
54 16
50 2
11 70
27 39
38 60
9 38
3 38
34 20
19 41
58 53
48 28
8 56
12 27
65 59
62 28
27 6
5 35
42 18
53 33
62 39
20 42
25 57
49 12
63 14
19 38
50 32
8 38
66 52
39 1
63 26
64 48
27 31
61 55
48 14
68 60
19 34
57 66
39 11
26 65
63 67
10 53
51 42
13 26
58 38
45 59
44 17
50 61
55 38
13 43
45 70
50 9
66 46
32 9
46 3
41 22
49 46
32 34
38 15
32 28
63 39
24 4
34 25
10 48
18 56
66 67
23 24
16 36
38 55
61 7
46 35
40 13
65 57
42 1
66 1
49 25
61 4
43 42
21 32
36 64
25 38
63 20
49 13
68 33
1 47
28 52
60 42
59 18
14 61
14 38
56 2
18 7
53 15
41 17
20 30
63 60
52 55
52 64
54 14
12 13
28 50
19 14
59 38
15 54
31 62
44 33
15 40
32 1
48 60
8 17
57 7
26 39
41 53
41 49
70 50
11 66
43 40
49 23
53 13
27 70
11 52
40 32
35 5
19 64
55 55
24 30
33 65
63 48
18 20
7 24
60 19
39 53
67 68
68 55
61 13
53 1
35 44
19 5
41 67
57 14
66 29
38 48
3 7
58 29
50 37
23 14
13 11
11 12
9 57
43 24
57 64
30 47
45 56
8 9
45 40
33 30
13 13
54 59
24 34
29 67
44 12
20 44
32 61
13 47
8 25
21 53
60 65
50 34
36 55
44 31
32 23
68 9
66 6
25 68
56 22
56 57
38 53
64 69
20 11
15 10
53 28
1 63
12 16
10 55
47 28
50 20
6 20
60 66
26 20
8 30
5 33
53 30
64 57
9 61
34 62
11 44
5 12
63 54
55 64
32 4
35 30
56 9
15 61
12 36
52 47
12 29
70 36
38 26
16 20
52 9
41 8
52 69
6 12
59 43
48 65
40 54
6 7
30 12
41 48
37 52
3 33
44 58
44 54
2 30
46 39
43 68
25 34
37 15
60 25
21 36
37 39
25 62
3 16
65 18
61 20
24 61
4 50
10 14
45 2
44 7
43 8
52 53
29 50
57 18
29 40
41 54
55 61
33 50
58 63
63 41
57 8
6 49
29 61
8 54
11 50
13 28
47 50
55 53
23 50
25 12
29 25
9 51
44 4
57 58
39 51
15 24
20 70
5 42
49 16
21 41
16 28
42 2
49 57
47 25
8 12
39 25
24 35
65 55
38 10
50 66
39 46
67 53
12 10
19 43
45 46
25 58
58 9
46 61
14 35
22 52
16 34
60 61
47 35
52 61
44 18
63 46
48 52
47 5
19 36
34 44
30 20
25 10
40 55
8 24
32 6
63 52
41 2
1 8
38 35
41 41
24 28
36 39
34 54
39 15
32 39
10 1
16 35
27 40
1 48
15 36
32 29
66 31
44 2
16 62
2 17
23 25
40 28
52 18
70 5
21 20
14 11
1 64
60 24
12 18
64 17
4 41
70 29
10 49
66 10
11 19
69 39
42 28
40 64
8 44
23 64
29 46
42 7
10 4
4 11
30 43
52 6
13 58
45 8
47 4
39 44
6 41
12 14
30 1
28 54
38 66
43 46
54 5
45 39
46 45
46 54
11 33
59 12
14 23
33 56
25 42
4 31
64 53
14 33
24 46
14 58
26 36
18 3
45 52
3 17
5 7
26 61
27 14
12 5
37 4
57 29
37 29
40 68
29 64
62 32
20 47
57 32
42 8
65 11
10 8
4 69
42 15
68 20
53 62
40 56
3 39
26 68
41 14
17 66
47 31
35 52
36 13
36 62
38 69
7 70
31 18
8 2
11 69
7 63
49 44
52 23
13 40
57 36
4 27
36 32
18 17
28 27
63 69
16 66
48 2
45 41
58 50
68 10
40 12
53 41
54 30
46 22
29 13
61 24
27 65
64 20
5 16
41 36
11 57
11 4
68 21
56 11
67 13
67 1
39 39
38 58
34 52
62 63
62 68
45 1
60 54
28 21
23 39
48 25
53 31
35 8
34 27
12 58
32 16
62 50
66 66
57 9
40 21
29 2
27 22
12 24
62 27
60 51
58 18
39 21
29 49
67 41
70 40
29 8
53 8
70 24
47 36
58 41
56 41
34 66
9 27
58 11
6 68
39 63
61 17
4 40
21 46
51 12
61 1
26 53
2 57
37 50
9 24
24 23
61 58
43 64
29 42
21 67
53 35
11 46
2 50
19 70
67 33
42 41
54 51
36 24
36 48
68 14
9 70
58 22
7 7
17 19
35 22
10 37
16 51
48 15
26 18
23 58
61 62
35 29
58 10
49 3
3 23
31 30
38 12
46 34
31 59
70 30
51 49
53 56
62 49
40 70
67 36
67 56
7 43
63 44
56 35
50 55
6 21
31 42
49 67
67 50
34 37
13 4
51 68
5 69
35 45
55 27
20 13
36 20
6 11
23 4
2 61
44 38
29 34
58 35
64 39
68 1
31 50
32 22
22 61
37 51
2 14
54 20
63 45
17 68
27 32
55 21
30 60
64 16
4 35
28 28
18 22
53 48
66 18
13 66
61 47
5 64
25 2
53 39
18 13
27 35
60 64
51 8
2 20
17 48
58 2
46 30
3 20
51 52
33 15
49 35
66 30
4 60
70 51
11 7
31 32
23 45
48 51
32 13
59 44
8 53
3 63
9 11
23 9
9 69
34 39
20 39
41 25
54 13
41 63
32 70
7 52
51 50
30 55
63 7
42 58
42 44
34 23
15 62
53 59
60 30
45 42
46 58
20 1
24 25
37 42
59 8
67 52
62 8
20 29
23 19
56 49
19 13
49 1
38 5
58 19
42 47
59 37
69 12
43 48
12 40
62 55
12 48
54 49
46 19
44 15
19 2
44 9
20 12
70 44
9 21
13 42
2 51
29 44
53 46
30 31
25 41
14 14
2 45
46 12
15 25
6 62
44 49
36 4
64 25
46 10
21 18
27 56
22 6
8 5
32 42
5 2
45 3
29 24
43 35
23 31
53 19
17 61
70 60
16 57
19 47
66 9
2 2
41 56
34 4
13 32
10 65
42 50
8 8
41 21
21 31
39 31
45 7
53 40
17 45
43 3
59 50
38 8
48 69
13 19
53 57
70 28
40 1
2 11
56 58
3 18
19 15
29 48
55 34
4 6
36 16
10 34
56 62
19 30
14 24
63 47
23 12
55 54
58 28
8 36
34 47
14 51
33 33
43 6
61 57
11 54
13 9
10 36
35 18
55 4
9 66
54 60
65 12
14 31
46 16
67 21
32 10
34 40
70 46
8 50
45 36
42 68
22 31
17 10
14 1
9 28
21 63
69 38
12 62
6 50
66 65
47 14
60 6
47 46
20 23
41 68
54 41
56 15
29 29
3 59
3 34
61 25
29 15
29 16
20 32
7 5
10 63
8 58
6 31
52 57
57 51
2 26
13 56
15 45
8 66
41 27
31 48
28 24
55 15
50 53
45 55
19 44
61 69
48 48
41 11
7 68
69 35
53 60
9 47
65 63
38 59
21 38
70 41
25 65
21 35
56 21
64 28
26 58
49 48
34 21
13 27
7 69
35 35
18 57
36 26
45 69
24 26
61 46
67 57
53 23
57 42
23 7
61 53
70 20
14 6
43 10
21 3
7 29
58 49
69 29
4 58
18 16
46 7
59 39
69 8
64 11
17 1
33 6
20 69
28 8
52 3
65 19
25 27
46 51
69 6
29 32
37 53
48 10
70 32
58 24
47 47
26 33
27 1
51 29
18 35
32 64
65 36
49 36
55 52
22 40
56 67
28 58
53 2
53 34
24 67
59 3
2 39
52 20
32 36
49 34
3 3
64 67
61 68
48 12
59 55
59 22
26 59
28 29
60 35
18 55
26 26
25 14
7 28
14 34
6 34
69 53
58 42
35 3
30 36
30 44
40 61
67 66
67 17
14 21
62 46
48 20
52 46
22 66
62 23
50 4
16 59
14 48
2 32
7 38
13 2
32 8
43 5
22 16
36 45
30 52
35 19
48 36
65 22
50 44
61 29
16 44
5 39
28 35
44 19
19 16
59 28
45 26
11 63
62 7
15 1
10 16
50 12
51 58
9 31
63 35
29 51
45 12
53 36
15 49
30 25
36 27
35 2
48 45
61 60
70 66
29 19
16 25
14 67
24 6
57 27
24 36
64 32
5 36
16 68
65 53
1 70
15 2
66 42
11 21
69 50
30 58
38 6
18 54
16 19
47 32
12 63
18 46
12 37
52 68
22 21
65 56
4 61
64 47
4 30
62 34
23 38
11 61
7 19
48 18
52 59
35 36
18 24
58 44
2 49
32 37
29 57
40 17
4 2
1 65
58 17
51 38
17 38
41 6
40 40
37 30
49 10
44 56
43 9
9 22
31 6
16 30
12 2
38 49
29 65
7 36
53 14
53 51
31 8
46 44
66 11
28 6
8 60
50 19
43 14
5 22
70 48
3 41
26 70
43 39
16 40
63 18
57 47
14 16
69 32
67 48
38 45
50 57
2 12
62 52
41 28
46 21
15 8
52 51
56 10
20 52
62 38
31 58
41 18
34 34
36 33
68 51
7 32
24 51
59 68
57 12
18 39
22 69
60 1
51 32
24 68
45 16
37 47
34 58
52 43
53 37
39 24
9 16
23 30
35 60
42 36
25 9
16 67
70 42
53 29
62 11
48 8
46 52
25 21
19 60
14 54
51 30
22 1
45 57
34 33
58 16
4 23
63 42
36 61
20 57
41 70
30 29
55 48
59 60
36 58
24 19
20 35
13 46
65 46
17 35
29 59
65 23
24 12
6 67
33 7
56 29
69 20
30 50
7 60
26 38
50 33
39 22
70 12
63 17
63 58
68 64
53 10
53 7
33 37
38 9
36 34
33 14
18 59
8 23
60 55
30 56
69 26
20 28
8 13
65 31
23 49
44 20
62 35
68 27
5 43
51 63
18 40
12 44
36 50
2 7
37 49
70 11
14 13
1 10
52 34
5 34
47 63
41 35
22 48
32 27
33 19
1 20
44 40
21 70
67 14
13 14
6 60
67 63
58 21
68 66
70 52
46 60
56 54
15 70
31 34
17 60
48 34
57 2
63 62
63 70
52 19
8 59
19 1
37 63
49 42
2 24
59 20
57 53
22 55
27 8
1 21
35 69
18 8
22 14
10 33
54 7
67 45
15 58
56 37
38 21
64 63
44 60
1 58
23 43
35 64
54 25
63 2
31 39
36 38
7 9
33 67
36 66
19 67
1 33
54 37
4 33
15 39
23 27
9 15
38 46
27 19
9 44
27 61
36 41
32 24
64 66
28 36
6 9
31 25
17 15
63 27
67 62
25 17
13 6
61 31
14 5
47 55
40 33
16 31
5 19
15 52
21 29
60 27
30 57
10 21
2 59
36 68
21 19
54 44
30 42
10 7
3 62
57 43
30 63
50 25
55 65
58 67
18 52
64 29
65 68
5 23
10 45
3 42
29 6
15 47
59 61
14 10
27 55
33 64
22 34
68 40
68 2
60 70
3 46
49 53
49 5
52 29
1 25
29 36
25 51
51 59
67 22
39 57
52 15
43 65
5 57
55 46
31 67
27 20
13 21
24 60
42 27
46 15
20 4
68 28
38 68
38 41
66 36
68 65
34 24
60 34
13 10
63 12
34 19
35 42
1 56
54 61
37 67
58 4
69 19
64 56
22 53
41 65
60 31
21 60
26 46
17 34
16 13
7 17
2 53
13 1
67 27
38 62
63 1
37 2
46 66
52 28
5 70
17 4
22 8
24 1
49 64
3 15
60 67
45 20
7 1
52 7
52 40
30 3
42 21
60 37
39 16
47 21
47 37
18 53
8 63
45 35
46 67
27 5
45 15
11 58
21 28
6 69
57 26
16 49
37 20
36 30
64 64
41 46
21 14
47 70
31 13
67 28
53 44
19 65
17 23
65 2
15 35
5 26
64 24
54 70
18 49
43 44
31 56
37 1
5 49
3 13
48 41
14 68
48 55
1 37
44 22
27 47
26 15
25 59
56 50
16 3
18 69
23 6
25 35
48 56
2 22
70 35
54 18
32 26
44 3
10 61
45 43
37 16
1 52
28 41
23 59
53 5
27 42
22 32
68 19
17 21
64 60
32 15
39 36
1 2
3 2
43 27
67 19
38 42
24 3
37 45
59 36
26 34
33 49
56 46
26 66
51 24
31 35
37 43
69 69
23 55
35 26
32 3
32 40
46 43
34 14
11 32
61 32
35 28
54 29
10 2
24 31
13 16
37 44
27 28
46 31
5 50
32 20
17 28
35 58
2 15
47 12
40 59
64 7
30 15
28 38
5 1
28 45
21 50
12 42
7 8
50 11
41 55
16 4
61 50
1 30
48 49
6 48
27 60
22 7
38 64
9 40
9 37
69 43
59 32
28 64
59 29
60 3
34 36
34 49
2 48
36 21
47 20
59 34
15 57
66 56
14 22
50 35
20 37
53 25
48 26
69 24
40 52
50 3
49 7
54 2
8 7
46 37
37 12
54 24
62 24
67 49
64 45
54 52
35 54
69 70
9 48
13 36
62 3
22 24
55 22
11 39
40 25
26 62
36 6
59 13
58 51
47 16
59 40
36 43
6 51
7 12
58 5
66 39
16 58
20 34
23 32
23 67
16 5
43 32
2 70
36 25
10 62
67 12
33 10
45 21
42 52
34 57
42 37
34 1
12 3
7 56
39 61
11 43
5 13
9 30
42 48
23 63
26 45
27 67
21 13
14 27
65 58
59 27
56 17
53 67
4 24
66 70
49 18
21 17
41 45
29 54
37 62
53 45
15 63
13 34
51 22
12 25
69 46
65 38
38 47
51 46
31 2
59 30
42 3
30 39
70 45
17 46
68 67
69 67
60 44
4 10
6 4
55 62
6 3
57 37
19 39
31 10
31 9
8 11
9 8
69 34
31 43
3 70
58 6
30 6
53 16
10 57
22 5
30 33
8 67
35 11
17 44
52 1
56 68
32 58
30 23
47 39
16 55
3 49
66 19
69 49
27 51
14 55
26 14
13 23
65 54
35 41
15 43
30 41
41 57
67 38
50 1
52 36
9 45
49 30
1 41
40 60
12 46
48 47
17 41
34 30
51 53
7 14
7 15
40 38
12 67
40 34
23 28
36 56
11 9
25 49
64 34
51 39
42 29
52 65
42 33
33 11
69 4
46 24
16 22
30 10
8 31
13 8
7 37
36 1
30 26
5 53
21 64
9 39
51 5
52 63
1 18
40 22
70 53
5 52
7 64
55 14
48 19
65 27
3 25
23 61
56 7
30 62
70 15
18 21
16 47
31 19
40 14
39 2
61 39
60 8
4 44
43 51
36 40
65 25
41 33
60 4
28 60
13 35
12 23
48 27
23 22
12 11
65 7
39 34
65 29
8 39
29 45
28 53
46 50
63 38
45 29
34 8
60 69
4 4
55 28
67 26
11 1
62 25
17 47
38 24
21 5
56 53
63 15
60 68
15 67
28 40
9 55
28 26
64 51
24 38
16 38
65 33
25 19
47 22
46 23
7 55
66 54
25 40
51 60
4 28
20 9
54 26
35 61
32 45
20 65
1 61
9 17
32 21
15 22
48 63
22 10
59 52
12 65
14 3
50 63
17 37
9 13
30 2
17 39
21 10
48 58
33 52
55 8
70 25
31 23
69 5
52 45
27 66
8 20
70 49
65 61
42 14
67 5
31 22
32 57
60 7
20 50
36 37
26 8
46 17
13 44
66 28
20 36
54 46
41 61
60 23
68 39
36 19
18 33
16 8
50 69
25 37
60 36
5 17
69 68
67 20
15 19
47 11
51 19
21 15
14 59
21 47
37 57
49 69
49 27
24 2
44 25
27 54
17 11
11 18
7 44
61 12
55 43
46 2
62 13
47 64
62 41
39 64
44 5
6 70
21 26
2 8
17 33
19 40
39 27
18 64
14 41
6 14
62 29
3 66
54 19
61 19
30 46
55 30
2 1
36 12
40 50
59 9
28 13
24 37
18 34
13 49
15 12
24 56
14 28
32 46
48 62
41 51
57 44
29 52
65 42
11 27
47 24
50 70
1 59
3 45
56 64
61 14
13 51
40 41
45 17
22 27
53 32
5 38
56 27
68 30
17 25
4 59
33 12
42 51
38 43
58 54
40 4
33 8
35 1
3 54
11 65
6 8
22 49
4 48
31 68
50 17
10 15
11 42
59 25
44 23
68 35
38 7
52 13
27 41
48 53
54 45
10 9
18 47
13 29
26 22
8 29
32 47
25 30
4 18
52 21
6 23
69 40
24 10
59 56
25 39
68 47
65 70
62 64
33 21
15 32
25 24
19 50
4 14
45 19
20 43
61 28
19 22
69 33
56 36
45 66
26 44
70 19
41 16
18 51
48 57
56 4
44 13
18 12
70 59
64 58
61 21
54 43
14 52
6 37
60 13
29 18
34 28
8 27
17 20
5 15
11 14
43 22
63 65
67 34
1 9
20 38
17 54
15 30
41 60
68 18
45 47
14 30
69 47
11 26
64 2
8 49
64 18
48 7
23 23
58 13
21 39
15 66
9 12
36 49
70 1
18 63
51 17
1 51
27 43
65 34
24 53
50 47
33 4
26 21
25 52
37 59
67 18
33 26
62 17
5 11
61 36
2 23
29 41
16 9
62 54
6 13
25 69
64 31
23 40
52 22
39 13
45 63
49 50
65 30
17 12
29 30
1 13
69 15
36 36
70 54
31 12
61 59
26 47
2 66
24 45
47 23
53 47
30 27
10 31
9 32
20 18
7 57
54 63
42 35
4 39
11 53
2 56
2 52
12 20
22 46
47 61
21 9
70 8
55 47
26 3
61 49
35 68
30 64
21 21
51 10
58 62
49 66
17 32
63 19
42 23
58 12
50 24
49 55
64 52
27 36
22 4
66 61
21 23
5 68
31 70
36 31
53 49
70 23
67 31
56 44
28 66
19 56
5 5
20 20
39 43
2 46
37 66
67 7
54 42
69 28
27 15
49 68
4 63
2 28
7 20
30 32
25 1
30 65
25 15
6 47
21 61
49 15
4 43
20 26
45 45
4 9
31 47
52 35
29 14
17 2
8 15
56 32
1 67
69 1
31 54
45 27
68 61
37 35
18 42
17 59
56 3
34 45
29 31
47 17
16 11
47 15
26 11
64 65
10 5
65 26
66 33
60 43
24 44
3 9
6 63
57 22
23 10
33 22
31 37
15 68
4 12
54 28
9 63
22 43
20 66
69 2
66 48
34 16
7 59
57 5
20 49
41 19
29 55
2 18
11 36
52 32
13 61
4 20
6 56
67 51
65 3
22 62
31 51
50 18
41 24
39 19
43 63
66 55
4 36
3 30
12 1
23 11
17 18
25 44
48 24
45 49
58 64
68 58
50 21
35 14
28 42
5 58
15 23
33 34
17 13
55 44
51 16
54 36
41 66
65 8
68 13
22 57
4 64
3 37
34 56
70 18
11 38
61 70
62 21
4 57
64 13
21 59
5 27
60 45
27 23
20 8
31 14
51 7
36 57
33 55
51 2
29 27
26 24
7 22
25 43
29 10
31 40
46 18
69 31
62 2
11 67
40 9
66 4
26 52
49 31
58 66
50 39
12 12
6 2
15 34
30 70
8 62
39 59
1 44
28 47
46 4
43 47
11 29
9 64
1 5
65 6
28 3
26 56
49 4
26 63
25 13
27 18
27 57
23 44
5 20
14 47
39 12
35 50
11 40
7 61
21 52
38 19
16 26
58 47
36 63
26 54
9 3
55 60
7 2
68 43
41 34
2 62
12 51
31 55
55 36
16 32
64 59
27 17
55 13
7 31
69 60
6 44
39 23
46 14
62 33
69 27
11 6
67 61
56 12
24 24
69 16
64 43
54 34
37 19
61 10
26 43
38 25
18 6
34 15
69 66
45 23
11 10
29 56
46 28
34 63
27 4
23 62
16 23
61 66
3 10
38 57
37 56
69 44
30 38
18 66
26 37
65 49
49 41
12 61
65 48
67 11
69 48
57 4
69 65
26 32
20 22
33 60
67 9
24 66
62 22
29 60
48 64
14 69
13 15
59 67
10 39
4 45
61 30
65 10
22 20
60 26
21 43
13 67
6 65
54 56
27 13
43 4
49 43
59 21
39 20
17 63
34 70
2 37
49 33
4 62
19 42
35 62
46 32
3 4
6 5
69 23
69 3
52 50
54 53
62 45
21 22
14 56
34 31
28 34
48 67
37 68
8 3
5 25
56 33
66 20
23 5
41 23
26 12
52 49
11 3
12 39
13 63
43 1
1 50
54 1
37 33
10 51
52 60
64 70
60 63
19 7
41 50
11 49
30 18
15 9
26 9
44 6
69 13
40 44
64 38
13 38
43 13
39 47
6 39
29 47
17 22
12 28
17 56
67 65
1 19
20 16
55 32
2 25
19 27
53 61
37 24
20 61
11 41
20 54
9 5
44 47
49 47
9 46
31 69
23 52
61 48
33 36
4 17
13 60
62 57
36 44
5 63
56 28
6 64
19 66
68 48
65 24
23 41
51 57
39 14
67 37
40 46
48 21
40 45
35 31
18 1
27 24
10 18
32 33
66 7
21 42
44 35
52 12
44 14
57 3
57 45
33 40
19 58
66 16
59 41
32 69
44 59
24 49
27 48
20 33
48 39
46 62
60 29
35 33
33 31
59 35
13 45
53 70
50 54
34 69
8 43
7 11
47 57
26 48
6 25
32 30
29 11
39 49
5 46
70 64
51 45
4 8
7 4
32 7
46 53
47 59
17 14
27 68
1 11
22 11
66 3
19 61
68 31
57 21
60 57
38 3
63 31
27 69
35 48
33 39
50 43
47 30
63 25
45 32
40 24
33 70
13 41
20 46
25 47
46 9
39 50
61 22
55 9
35 38
38 18
10 11
43 21
44 46
45 5
31 7
57 69
18 60
31 61
31 49
17 70
65 39
37 17
11 20
62 20
33 23
47 41
52 27
35 67
59 46
56 70
57 59
16 50
26 27
61 15
50 36
15 37
53 66
58 45
37 64
19 18
59 51
26 60
39 32
63 66
36 9
23 34
55 1
43 26
20 19
52 37
45 65
53 69
13 37
5 54
70 67
54 57
57 16
60 15
59 1
40 7
5 10
56 20
31 64
24 70
57 33
27 25
3 61
24 62
69 36
40 58
5 24
42 66
38 29
58 43
38 70
56 38
24 48
50 49
3 53
55 66
33 44
8 4
63 36
37 41
30 66
42 65
54 65
3 47
52 2
68 53
4 15
46 36
42 61
52 48
68 3
32 49
30 24
10 26
43 55
55 19
2 21
7 33
59 31
48 23
34 38
12 66
11 45
60 39
43 31
12 54
53 26
54 38
61 41
37 13
2 67
37 60
32 25
70 6
27 12
54 4
39 8
57 30
32 55
62 69
63 9
42 59
2 13
11 17
25 8
50 60
24 64
52 54
38 31
33 54
22 2
19 9
56 16
61 2
12 50
33 9
5 4
23 35
33 61
42 42
16 29
34 32
28 49
25 22
43 11
63 34
38 32
32 68
20 6
20 58
7 41
51 36
5 44
44 57
67 15
18 61
70 55
35 55
25 31
22 33
3 36
52 67
6 30
9 2
56 40
56 14
21 16
21 58
14 29
49 6
1 1
3 27
6 54
26 30
34 13
56 52
37 70
30 9
23 51
5 67
58 26
48 66
20 53
27 7
37 6
2 63
47 2
55 42
12 38
22 36
13 25
15 26
29 26
22 60
40 53
41 59
69 63
60 10
15 3
42 60
27 46
50 58
59 19
66 34
4 19
20 15
69 52
46 38
29 1
6 15
19 19
18 14
14 60
35 63
10 29
51 33
21 7
28 10
54 9
49 58
49 62
13 53
34 48
70 27
65 50
48 35
44 67
57 13
21 62
1 12
24 39
68 56
37 31
37 25
8 52
12 56
61 61
63 30
6 17
30 11
41 12
8 32
23 48
29 28
22 18
33 3
48 22
3 67
35 46
35 17
69 55
18 48
69 45
10 59
58 61
14 26
32 65
12 43
29 35
16 39
61 3
31 41
17 36
57 61
14 70
37 8
52 31
42 26
35 9
27 11
64 4
53 52
7 3
40 23
55 3
47 67
64 35
48 31
56 51
56 45
64 33
46 47
65 13
47 44
7 46
20 3
24 57
34 7
51 67
25 48
50 16
20 59
6 66
42 24
36 14
67 3
31 27
65 9
32 18
24 52
38 14
70 9
20 51
11 48
53 54
14 57
65 37
49 52
55 23
17 9
46 70
18 70
53 22
22 54
23 26
16 61
70 37
7 47
1 42
34 29
57 41
1 57
3 48
63 24
59 57
57 11
11 23
24 27
39 26
58 33
53 58
50 42
2 16
24 21
33 68
24 5
21 30
33 16
37 10
28 51
41 31
36 69
40 67
34 5
2 33
19 33
49 9
6 46
1 15
12 4
29 68
1 24
52 39
10 6
68 22
5 31
30 59
43 38
64 41
5 51
28 9
23 17
58 15
8 41
30 53
31 29
60 12
50 52
16 7
30 21
16 48
44 27
20 10
7 50
39 33
56 63
67 59
62 67
29 5
25 18
6 40
35 37
23 54
59 15
29 38
49 70
47 13
26 51
58 69
49 37
27 49
55 41
41 13
51 31
19 59
61 6
33 59
25 3
58 52
4 70
55 40
30 28
30 54
38 28
40 26
46 65
11 13
49 24
43 61
42 20
21 24
1 68
51 27
6 1
7 25
17 52
58 32
30 13
51 13
13 20
25 16
22 12
51 43
53 4
7 48
42 6
17 57
24 59
50 6
46 48
29 62
29 23
3 8
70 3
18 45
46 8
22 45
57 19
8 69
27 62
16 33
2 3
28 46
38 11
29 70
49 38
27 53
22 15
45 4
65 60
11 30
38 56
18 11
33 43
67 60
12 32
15 27
10 52
37 34
49 17
20 63
21 68
27 45
30 49
63 22
58 7
22 23
55 58
28 44
14 42
32 44
59 23
52 66
39 4
33 42
15 53
12 22
21 27
5 61
63 5
54 6
12 60
68 50
31 21
36 10
32 11
11 55
46 57
29 20
21 45
54 22
55 67
46 25
12 53
41 40
13 65
38 33
58 46
47 52
60 48
8 22
30 67
44 11
46 13
69 41
66 60
8 40
51 1
23 13
22 68
8 65
6 61
9 58
11 35
3 57
54 68
14 39
40 8
14 66
37 54
25 54
10 38
64 30
22 63
22 44
45 67
4 46
13 18
10 24
32 5
56 66
28 11
16 52
60 38
13 54
11 62
16 53
52 26
5 62
15 4
47 48
10 41
29 17
32 2
14 36
54 48
