# comment
st 7
ms 0 9999999 0
mr 120 160
mg 100 124
mg 125 149
mg 150 174
mg 175 199
mr 0 9999999
ms 1 9999999 1
ms 2 9999999 2
ms 3 9999999 3
ms 4 9999999 4
ms 5 9999999 5
ms 6 9999999 6
ms 7 9999999 7
ms 8 9999999 8
ms 9 9999999 9
#
mr 0 9999999
ms 1 9999999 1
ms 2 9999999 2
ms 3 9999999 3
ms 4 9999999 4
ms 5 9999999 5
ms 6 9999999 6
ms 7 9999999 7
ms 8 9999999 8
ms 9 9999999 9
mr 0 9999999
ms 1 9999999 1
ms 2 9999999 2
ms 3 9999999 3
ms 4 9999999 4
ms 5 9999999 5
ms 6 9999999 6
ms 7 9999999 7
ms 8 9999999 8
ms 9 9999999 9
mr 0 9999999
ms 1 9999999 1
ms 2 9999999 2
ms 3 9999999 3
ms 4 9999999 4
ms 5 9999999 5
ms 6 9999999 6
ms 7 9999999 7
ms 8 9999999 8
ms 9 9999999 9
mr 0 9999999
ms 1 9999999 1
ms 2 9999999 2
ms 3 9999999 3
ms 4 9999999 4
ms 5 9999999 5
ms 6 9999999 6
ms 7 9999999 7
ms 8 9999999 8
ms 9 9999999 9
mr 0 9999999
ms 1 9999999 1
ms 2 9999999 2
ms 3 9999999 3
ms 4 9999999 4
ms 5 9999999 5
ms 6 9999999 6
ms 7 9999999 7
ms 8 9999999 8
ms 9 9999999 9
mr 0 9999999
ms 1 9999999 1
ms 2 9999999 2
ms 3 9999999 3
ms 4 9999999 4
ms 5 9999999 5
ms 6 9999999 6
ms 7 9999999 7
ms 8 9999999 8
ms 9 9999999 9
mr 0 9999999
ms 1 9999999 1
ms 2 9999999 2
ms 3 9999999 3
ms 4 9999999 4
ms 5 9999999 5
ms 6 9999999 6
ms 7 9999999 7
ms 8 9999999 8
ms 9 9999999 9
mr 0 9999999
ms 1 9999999 1
ms 2 9999999 2
ms 3 9999999 3
ms 4 9999999 4
ms 5 9999999 5
ms 6 9999999 6
ms 7 9999999 7
ms 8 9999999 8
ms 9 9999999 9
mr 0 9999999
ms 1 9999999 1
ms 2 9999999 2
ms 3 9999999 3
ms 4 9999999 4
ms 5 9999999 5
ms 6 9999999 6
ms 7 9999999 7
ms 8 9999999 8
ms 9 9999999 9
mr 0 9999999
ms 1 9999999 1
ms 2 9999999 2
ms 3 9999999 3
ms 4 9999999 4
ms 5 9999999 5
ms 6 9999999 6
ms 7 9999999 7
ms 8 9999999 8
ms 9 9999999 9
mr 0 9999999
ms 1 9999999 1
ms 2 9999999 2
ms 3 9999999 3
ms 4 9999999 4
ms 5 9999999 5
ms 6 9999999 6
ms 7 9999999 7
ms 8 9999999 8
ms 9 9999999 9
mr 0 9999999
ms 1 9999999 1
ms 2 9999999 2
ms 3 9999999 3
ms 4 9999999 4
ms 5 9999999 5
ms 6 9999999 6
ms 7 9999999 7
ms 8 9999999 8
ms 9 9999999 9
mr 0 9999999
ms 1 9999999 1
ms 2 9999999 2
ms 3 9999999 3
ms 4 9999999 4
ms 5 9999999 5
ms 6 9999999 6
ms 7 9999999 7
ms 8 9999999 8
ms 9 9999999 9
mr 0 9999999
ms 1 9999999 1
ms 2 9999999 2
ms 3 9999999 3
ms 4 9999999 4
ms 5 9999999 5
ms 6 9999999 6
ms 7 9999999 7
ms 8 9999999 8
ms 9 9999999 9
mr 0 9999999
ms 1 9999999 1
ms 2 9999999 2
ms 3 9999999 3
ms 4 9999999 4
ms 5 9999999 5
ms 6 9999999 6
ms 7 9999999 7
ms 8 9999999 8
ms 9 9999999 9
mr 0 9999999
ms 1 9999999 1
ms 2 9999999 2
ms 3 9999999 3
ms 4 9999999 4
ms 5 9999999 5
ms 6 9999999 6
ms 7 9999999 7
ms 8 9999999 8
ms 9 9999999 9
mr 0 9999999
ms 1 9999999 1
ms 2 9999999 2
ms 3 9999999 3
ms 4 9999999 4
ms 5 9999999 5
ms 6 9999999 6
ms 7 9999999 7
ms 8 9999999 8
ms 9 9999999 9
mr 0 9999999
ms 1 9999999 1
ms 2 9999999 2
ms 3 9999999 3
ms 4 9999999 4
ms 5 9999999 5
ms 6 9999999 6
ms 7 9999999 7
ms 8 9999999 8
ms 9 9999999 9
mr 0 9999999
ms 1 9999999 1
ms 2 9999999 2
ms 3 9999999 3
ms 4 9999999 4
ms 5 9999999 5
ms 6 9999999 6
ms 7 9999999 7
ms 8 9999999 8
ms 9 9999999 9
mr 0 9999999
ms 1 9999999 1
ms 2 9999999 2
ms 3 9999999 3
ms 4 9999999 4
ms 5 9999999 5
ms 6 9999999 6
ms 7 9999999 7
ms 8 9999999 8
ms 9 9999999 9
mr 0 9999999
ms 1 9999999 1
ms 2 9999999 2
ms 3 9999999 3
ms 4 9999999 4
ms 5 9999999 5
ms 6 9999999 6
ms 7 9999999 7
ms 8 9999999 8
ms 9 9999999 9
mr 0 9999999
ms 1 9999999 1
ms 2 9999999 2
ms 3 9999999 3
ms 4 9999999 4
ms 5 9999999 5
ms 6 9999999 6
ms 7 9999999 7
ms 8 9999999 8
ms 9 9999999 9
mr 0 9999999
ms 1 9999999 1
ms 2 9999999 2
ms 3 9999999 3
ms 4 9999999 4
ms 5 9999999 5
ms 6 9999999 6
ms 7 9999999 7
ms 8 9999999 8
ms 9 9999999 9
mr 0 9999999
ms 1 9999999 1
ms 2 9999999 2
ms 3 9999999 3
ms 4 9999999 4
ms 5 9999999 5
ms 6 9999999 6
ms 7 9999999 7
ms 8 9999999 8
ms 9 9999999 9
mr 0 9999999
ms 1 9999999 1
ms 2 9999999 2
ms 3 9999999 3
ms 4 9999999 4
ms 5 9999999 5
ms 6 9999999 6
ms 7 9999999 7
ms 8 9999999 8
ms 9 9999999 9
mr 0 9999999
ms 1 9999999 1
ms 2 9999999 2
ms 3 9999999 3
ms 4 9999999 4
ms 5 9999999 5
ms 6 9999999 6
ms 7 9999999 7
ms 8 9999999 8
ms 9 9999999 9
mr 0 9999999
ms 1 9999999 1
ms 2 9999999 2
ms 3 9999999 3
ms 4 9999999 4
ms 5 9999999 5
ms 6 9999999 6
ms 7 9999999 7
ms 8 9999999 8
ms 9 9999999 9
mr 0 9999999
ms 1 9999999 1
ms 2 9999999 2
ms 3 9999999 3
ms 4 9999999 4
ms 5 9999999 5
ms 6 9999999 6
ms 7 9999999 7
ms 8 9999999 8
ms 9 9999999 9
mr 0 9999999
ms 1 9999999 1
ms 2 9999999 2
ms 3 9999999 3
ms 4 9999999 4
ms 5 9999999 5
ms 6 9999999 6
ms 7 9999999 7
ms 8 9999999 8
ms 9 9999999 9
mr 0 9999999
ms 1 9999999 1
ms 2 9999999 2
ms 3 9999999 3
ms 4 9999999 4
ms 5 9999999 5
ms 6 9999999 6
ms 7 9999999 7
ms 8 9999999 8
ms 9 9999999 9
mr 0 9999999
ms 1 9999999 1
ms 2 9999999 2
ms 3 9999999 3
ms 4 9999999 4
ms 5 9999999 5
ms 6 9999999 6
ms 7 9999999 7
ms 8 9999999 8
ms 9 9999999 9
mr 0 9999999
ms 1 9999999 1
ms 2 9999999 2
ms 3 9999999 3
ms 4 9999999 4
ms 5 9999999 5
ms 6 9999999 6
ms 7 9999999 7
ms 8 9999999 8
ms 9 9999999 9
mr 0 9999999
ms 1 9999999 1
ms 2 9999999 2
ms 3 9999999 3
ms 4 9999999 4
ms 5 9999999 5
ms 6 9999999 6
ms 7 9999999 7
ms 8 9999999 8
ms 9 9999999 9
mr 0 9999999
ms 1 9999999 1
ms 2 9999999 2
ms 3 9999999 3
ms 4 9999999 4
ms 5 9999999 5
ms 6 9999999 6
ms 7 9999999 7
ms 8 9999999 8
ms 9 9999999 9
mr 0 9999999
ms 1 9999999 1
ms 2 9999999 2
ms 3 9999999 3
ms 4 9999999 4
ms 5 9999999 5
ms 6 9999999 6
ms 7 9999999 7
ms 8 9999999 8
ms 9 9999999 9
mr 0 9999999
ms 1 9999999 1
ms 2 9999999 2
ms 3 9999999 3
ms 4 9999999 4
ms 5 9999999 5
ms 6 9999999 6
ms 7 9999999 7
ms 8 9999999 8
ms 9 9999999 9
mr 0 9999999
ms 1 9999999 1
ms 2 9999999 2
ms 3 9999999 3
ms 4 9999999 4
ms 5 9999999 5
ms 6 9999999 6
ms 7 9999999 7
ms 8 9999999 8
ms 9 9999999 9
mr 0 9999999
ms 1 9999999 1
ms 2 9999999 2
ms 3 9999999 3
ms 4 9999999 4
ms 5 9999999 5
ms 6 9999999 6
ms 7 9999999 7
ms 8 9999999 8
ms 9 9999999 9
mr 0 9999999
ms 1 9999999 1
ms 2 9999999 2
ms 3 9999999 3
ms 4 9999999 4
ms 5 9999999 5
ms 6 9999999 6
ms 7 9999999 7
ms 8 9999999 8
ms 9 9999999 9
mr 0 9999999
ms 1 9999999 1
ms 2 9999999 2
ms 3 9999999 3
ms 4 9999999 4
ms 5 9999999 5
ms 6 9999999 6
ms 7 9999999 7
ms 8 9999999 8
ms 9 9999999 9
mr 0 9999999
ms 1 9999999 1
ms 2 9999999 2
ms 3 9999999 3
ms 4 9999999 4
ms 5 9999999 5
ms 6 9999999 6
ms 7 9999999 7
ms 8 9999999 8
ms 9 9999999 9
mr 0 9999999
ms 1 9999999 1
ms 2 9999999 2
ms 3 9999999 3
ms 4 9999999 4
ms 5 9999999 5
ms 6 9999999 6
ms 7 9999999 7
ms 8 9999999 8
ms 9 9999999 9
mr 0 9999999
ms 1 9999999 1
ms 2 9999999 2
ms 3 9999999 3
ms 4 9999999 4
ms 5 9999999 5
ms 6 9999999 6
ms 7 9999999 7
ms 8 9999999 8
ms 9 9999999 9
mr 0 9999999
ms 1 9999999 1
ms 2 9999999 2
ms 3 9999999 3
ms 4 9999999 4
ms 5 9999999 5
ms 6 9999999 6
ms 7 9999999 7
ms 8 9999999 8
ms 9 9999999 9
mr 0 9999999
ms 1 9999999 1
ms 2 9999999 2
ms 3 9999999 3
ms 4 9999999 4
ms 5 9999999 5
ms 6 9999999 6
ms 7 9999999 7
ms 8 9999999 8
ms 9 9999999 9
mr 0 9999999
ms 1 9999999 1
ms 2 9999999 2
ms 3 9999999 3
ms 4 9999999 4
ms 5 9999999 5
ms 6 9999999 6
ms 7 9999999 7
ms 8 9999999 8
ms 9 9999999 9
mr 0 9999999
ms 1 9999999 1
ms 2 9999999 2
ms 3 9999999 3
ms 4 9999999 4
ms 5 9999999 5
ms 6 9999999 6
ms 7 9999999 7
ms 8 9999999 8
ms 9 9999999 9
mr 0 9999999
ms 1 9999999 1
ms 2 9999999 2
ms 3 9999999 3
ms 4 9999999 4
ms 5 9999999 5
ms 6 9999999 6
ms 7 9999999 7
ms 8 9999999 8
ms 9 9999999 9
mr 0 9999999
ms 1 9999999 1
ms 2 9999999 2
ms 3 9999999 3
ms 4 9999999 4
ms 5 9999999 5
ms 6 9999999 6
ms 7 9999999 7
ms 8 9999999 8
ms 9 9999999 9
mr 0 9999999
ms 1 9999999 1
ms 2 9999999 2
ms 3 9999999 3
ms 4 9999999 4
ms 5 9999999 5
ms 6 9999999 6
ms 7 9999999 7
ms 8 9999999 8
ms 9 9999999 9
mr 0 9999999
ms 1 9999999 1
ms 2 9999999 2
ms 3 9999999 3
ms 4 9999999 4
ms 5 9999999 5
ms 6 9999999 6
ms 7 9999999 7
ms 8 9999999 8
ms 9 9999999 9
mr 0 9999999
ms 1 9999999 1
ms 2 9999999 2
ms 3 9999999 3
ms 4 9999999 4
ms 5 9999999 5
ms 6 9999999 6
ms 7 9999999 7
ms 8 9999999 8
ms 9 9999999 9
mr 0 9999999
ms 1 9999999 1
ms 2 9999999 2
ms 3 9999999 3
ms 4 9999999 4
ms 5 9999999 5
ms 6 9999999 6
ms 7 9999999 7
ms 8 9999999 8
ms 9 9999999 9
mr 0 9999999
ms 1 9999999 1
ms 2 9999999 2
ms 3 9999999 3
ms 4 9999999 4
ms 5 9999999 5
ms 6 9999999 6
ms 7 9999999 7
ms 8 9999999 8
ms 9 9999999 9
mr 0 9999999
ms 1 9999999 1
ms 2 9999999 2
ms 3 9999999 3
ms 4 9999999 4
ms 5 9999999 5
ms 6 9999999 6
ms 7 9999999 7
ms 8 9999999 8
ms 9 9999999 9
mr 0 9999999
ms 1 9999999 1
ms 2 9999999 2
ms 3 9999999 3
ms 4 9999999 4
ms 5 9999999 5
ms 6 9999999 6
ms 7 9999999 7
ms 8 9999999 8
ms 9 9999999 9
mr 0 9999999
ms 1 9999999 1
ms 2 9999999 2
ms 3 9999999 3
ms 4 9999999 4
ms 5 9999999 5
ms 6 9999999 6
ms 7 9999999 7
ms 8 9999999 8
ms 9 9999999 9
mr 0 9999999
ms 1 9999999 1
ms 2 9999999 2
ms 3 9999999 3
ms 4 9999999 4
ms 5 9999999 5
ms 6 9999999 6
ms 7 9999999 7
ms 8 9999999 8
ms 9 9999999 9
mr 0 9999999
ms 1 9999999 1
ms 2 9999999 2
ms 3 9999999 3
ms 4 9999999 4
ms 5 9999999 5
ms 6 9999999 6
ms 7 9999999 7
ms 8 9999999 8
ms 9 9999999 9
mr 0 9999999
ms 1 9999999 1
ms 2 9999999 2
ms 3 9999999 3
ms 4 9999999 4
ms 5 9999999 5
ms 6 9999999 6
ms 7 9999999 7
ms 8 9999999 8
ms 9 9999999 9
mr 0 9999999
ms 1 9999999 1
ms 2 9999999 2
ms 3 9999999 3
ms 4 9999999 4
ms 5 9999999 5
ms 6 9999999 6
ms 7 9999999 7
ms 8 9999999 8
ms 9 9999999 9
mr 0 9999999
ms 1 9999999 1
ms 2 9999999 2
ms 3 9999999 3
ms 4 9999999 4
ms 5 9999999 5
ms 6 9999999 6
ms 7 9999999 7
ms 8 9999999 8
ms 9 9999999 9
mr 0 9999999
ms 1 9999999 1
ms 2 9999999 2
ms 3 9999999 3
ms 4 9999999 4
ms 5 9999999 5
ms 6 9999999 6
ms 7 9999999 7
ms 8 9999999 8
ms 9 9999999 9
mr 0 9999999
ms 1 9999999 1
ms 2 9999999 2
ms 3 9999999 3
ms 4 9999999 4
ms 5 9999999 5
ms 6 9999999 6
ms 7 9999999 7
ms 8 9999999 8
ms 9 9999999 9
mr 0 9999999
ms 1 9999999 1
ms 2 9999999 2
ms 3 9999999 3
ms 4 9999999 4
ms 5 9999999 5
ms 6 9999999 6
ms 7 9999999 7
ms 8 9999999 8
ms 9 9999999 9
mr 0 9999999
ms 1 9999999 1
ms 2 9999999 2
ms 3 9999999 3
ms 4 9999999 4
ms 5 9999999 5
ms 6 9999999 6
ms 7 9999999 7
ms 8 9999999 8
ms 9 9999999 9
mr 0 9999999
ms 1 9999999 1
ms 2 9999999 2
ms 3 9999999 3
ms 4 9999999 4
ms 5 9999999 5
ms 6 9999999 6
ms 7 9999999 7
ms 8 9999999 8
ms 9 9999999 9
mr 0 9999999
ms 1 9999999 1
ms 2 9999999 2
ms 3 9999999 3
ms 4 9999999 4
ms 5 9999999 5
ms 6 9999999 6
ms 7 9999999 7
ms 8 9999999 8
ms 9 9999999 9
mr 0 9999999
ms 1 9999999 1
ms 2 9999999 2
ms 3 9999999 3
ms 4 9999999 4
ms 5 9999999 5
ms 6 9999999 6
ms 7 9999999 7
ms 8 9999999 8
ms 9 9999999 9
mr 0 9999999
ms 1 9999999 1
ms 2 9999999 2
ms 3 9999999 3
ms 4 9999999 4
ms 5 9999999 5
ms 6 9999999 6
ms 7 9999999 7
ms 8 9999999 8
ms 9 9999999 9
mr 0 9999999
ms 1 9999999 1
ms 2 9999999 2
ms 3 9999999 3
ms 4 9999999 4
ms 5 9999999 5
ms 6 9999999 6
ms 7 9999999 7
ms 8 9999999 8
ms 9 9999999 9
mr 0 9999999
ms 1 9999999 1
ms 2 9999999 2
ms 3 9999999 3
ms 4 9999999 4
ms 5 9999999 5
ms 6 9999999 6
ms 7 9999999 7
ms 8 9999999 8
ms 9 9999999 9
mr 0 9999999
ms 1 9999999 1
ms 2 9999999 2
ms 3 9999999 3
ms 4 9999999 4
ms 5 9999999 5
ms 6 9999999 6
ms 7 9999999 7
ms 8 9999999 8
ms 9 9999999 9
mr 0 9999999
ms 1 9999999 1
ms 2 9999999 2
ms 3 9999999 3
ms 4 9999999 4
ms 5 9999999 5
ms 6 9999999 6
ms 7 9999999 7
ms 8 9999999 8
ms 9 9999999 9
mr 0 9999999
ms 1 9999999 1
ms 2 9999999 2
ms 3 9999999 3
ms 4 9999999 4
ms 5 9999999 5
ms 6 9999999 6
ms 7 9999999 7
ms 8 9999999 8
ms 9 9999999 9
mr 0 9999999
ms 1 9999999 1
ms 2 9999999 2
ms 3 9999999 3
ms 4 9999999 4
ms 5 9999999 5
ms 6 9999999 6
ms 7 9999999 7
ms 8 9999999 8
ms 9 9999999 9
mr 0 9999999
ms 1 9999999 1
ms 2 9999999 2
ms 3 9999999 3
ms 4 9999999 4
ms 5 9999999 5
ms 6 9999999 6
ms 7 9999999 7
ms 8 9999999 8
ms 9 9999999 9
mr 0 9999999
ms 1 9999999 1
ms 2 9999999 2
ms 3 9999999 3
ms 4 9999999 4
ms 5 9999999 5
ms 6 9999999 6
ms 7 9999999 7
ms 8 9999999 8
ms 9 9999999 9
mr 0 9999999
ms 1 9999999 1
ms 2 9999999 2
ms 3 9999999 3
ms 4 9999999 4
ms 5 9999999 5
ms 6 9999999 6
ms 7 9999999 7
ms 8 9999999 8
ms 9 9999999 9
mr 0 9999999
ms 1 9999999 1
ms 2 9999999 2
ms 3 9999999 3
ms 4 9999999 4
ms 5 9999999 5
ms 6 9999999 6
ms 7 9999999 7
ms 8 9999999 8
ms 9 9999999 9
mr 0 9999999
ms 1 9999999 1
ms 2 9999999 2
ms 3 9999999 3
ms 4 9999999 4
ms 5 9999999 5
ms 6 9999999 6
ms 7 9999999 7
ms 8 9999999 8
ms 9 9999999 9
mr 0 9999999
ms 1 9999999 1
ms 2 9999999 2
ms 3 9999999 3
ms 4 9999999 4
ms 5 9999999 5
ms 6 9999999 6
ms 7 9999999 7
ms 8 9999999 8
ms 9 9999999 9
mr 0 9999999
ms 1 9999999 1
ms 2 9999999 2
ms 3 9999999 3
ms 4 9999999 4
ms 5 9999999 5
ms 6 9999999 6
ms 7 9999999 7
ms 8 9999999 8
ms 9 9999999 9
mr 0 9999999
ms 1 9999999 1
ms 2 9999999 2
ms 3 9999999 3
ms 4 9999999 4
ms 5 9999999 5
ms 6 9999999 6
ms 7 9999999 7
ms 8 9999999 8
ms 9 9999999 9
mr 0 9999999
ms 1 9999999 1
ms 2 9999999 2
ms 3 9999999 3
ms 4 9999999 4
ms 5 9999999 5
ms 6 9999999 6
ms 7 9999999 7
ms 8 9999999 8
ms 9 9999999 9
mr 0 9999999
ms 1 9999999 1
ms 2 9999999 2
ms 3 9999999 3
ms 4 9999999 4
ms 5 9999999 5
ms 6 9999999 6
ms 7 9999999 7
ms 8 9999999 8
ms 9 9999999 9
mr 0 9999999
ms 1 9999999 1
ms 2 9999999 2
ms 3 9999999 3
ms 4 9999999 4
ms 5 9999999 5
ms 6 9999999 6
ms 7 9999999 7
ms 8 9999999 8
ms 9 9999999 9
mr 0 9999999
ms 1 9999999 1
ms 2 9999999 2
ms 3 9999999 3
ms 4 9999999 4
ms 5 9999999 5
ms 6 9999999 6
ms 7 9999999 7
ms 8 9999999 8
ms 9 9999999 9
mr 0 9999999
ms 1 9999999 1
ms 2 9999999 2
ms 3 9999999 3
ms 4 9999999 4
ms 5 9999999 5
ms 6 9999999 6
ms 7 9999999 7
ms 8 9999999 8
ms 9 9999999 9
mr 0 9999999
ms 1 9999999 1
ms 2 9999999 2
ms 3 9999999 3
ms 4 9999999 4
ms 5 9999999 5
ms 6 9999999 6
ms 7 9999999 7
ms 8 9999999 8
ms 9 9999999 9
mr 0 9999999
ms 1 9999999 1
ms 2 9999999 2
ms 3 9999999 3
ms 4 9999999 4
ms 5 9999999 5
ms 6 9999999 6
ms 7 9999999 7
ms 8 9999999 8
ms 9 9999999 9
mr 0 9999999
ms 1 9999999 1
ms 2 9999999 2
ms 3 9999999 3
ms 4 9999999 4
ms 5 9999999 5
ms 6 9999999 6
ms 7 9999999 7
ms 8 9999999 8
ms 9 9999999 9
mr 0 9999999
ms 1 9999999 1
ms 2 9999999 2
ms 3 9999999 3
ms 4 9999999 4
ms 5 9999999 5
ms 6 9999999 6
ms 7 9999999 7
ms 8 9999999 8
ms 9 9999999 9
mr 0 9999999
ms 1 9999999 1
ms 2 9999999 2
ms 3 9999999 3
ms 4 9999999 4
ms 5 9999999 5
ms 6 9999999 6
ms 7 9999999 7
ms 8 9999999 8
ms 9 9999999 9
mr 0 9999999
ms 1 9999999 1
ms 2 9999999 2
ms 3 9999999 3
ms 4 9999999 4
ms 5 9999999 5
ms 6 9999999 6
ms 7 9999999 7
ms 8 9999999 8
ms 9 9999999 9
mr 0 9999999
ms 1 9999999 1
ms 2 9999999 2
ms 3 9999999 3
ms 4 9999999 4
ms 5 9999999 5
ms 6 9999999 6
ms 7 9999999 7
ms 8 9999999 8
ms 9 9999999 9
mr 0 9999999
ms 1 9999999 1
ms 2 9999999 2
ms 3 9999999 3
ms 4 9999999 4
ms 5 9999999 5
ms 6 9999999 6
ms 7 9999999 7
ms 8 9999999 8
ms 9 9999999 9
mr 0 9999999
ms 1 9999999 1
ms 2 9999999 2
ms 3 9999999 3
ms 4 9999999 4
ms 5 9999999 5
ms 6 9999999 6
ms 7 9999999 7
#
mg 0 24
ed
