9999099505286081
9992139726476470
9991039780357431
9989586724978407
9984191302806229
9984008255558756
9983709454787183
9980332844878180
9977776463968049
9976410744314291
9973754476863894
9972737913330302
9972451653779660
9970298869182539
9967721815195973
9962229796644514
9961576398047111
9958979578544727
9958179810781775
9957604330435318
9957598181094931
9953706933269680
9951860885267830
9950943858484351
9950794544647467
9944906934715594
9944588954468973
9944377069352478
9943658449240150
9940089221705919
9939885045585940
9933991153001290
9933782850287550
9932696728483086
9932354875497490
9929748254165170
9925308685764007
9925175841894691
9923904986848446
9919815236726053
9915637185574949
9915332091972917
9910062435088208
9908479652380788
9905309108484844
9901093495787172
9895934279115584
9892685627795812
9891919592314713
9889037294298068
9887695129803467
9885510719751389
9882279735482618
9870965949405838
9870667437914784
9870316137935496
9868515540212333
9868472856702842
9861491818786558
9861239094709777
9859369372137259
9858375804440453
9855289344136527
9854101386358768
9853428407148135
9850823281285542
9849643571385064
9847795913585222
9846976385671239
9846652938654487
9846607287360718
9845620734271621
9844523615194229
9842785523764563
9842146601267741
9841532143006127
9841196826652526
9837302942417520
9830543284640146
9824089202687579
9821741867426126
9818230318176289
9817467218322032
9812038880637411
9806131788838458
9803889534312655
9797936416822592
9795285835180762
9790248282406854
9788774116362528
9786277046906411
9783328091485552
9782224455183164
9781607725847733
9781217149006054
9780950186279037
9779141287249113
9778423166011776
9775347311466078
9775188150679679
9772455639610371
9771674827454941
9770393869382078
9769241214347777
9756351329178813
9753487851111227
9751103221254847
9750805581711622
9746543013795969
9743065921270595
9738045569014807
9737890475515866
9736687390537316
9733900354060377
9733853957481603
9733356094802646
9730532521825581
9730127321657311
9729567491535236
9725726130431671
9723634295804896
9722921653793722
9722878655622382
9713429478592381
9712687675081588
9692755029171885
9692132676028171
9690431674468640
9686886057285362
9677631474164063
9674468417765073
9672087160737020
9669038242529290
9666895158830512
9663803877111854
9659500113676355
9658691401151540
9658476127291007
9655692368844874
9651888557549473
9650663350441317
9648862495426378
9648255659301201
9646501478746820
9645665861551685
9645286268765962
9643218237819535
9637462057724517
9636403547554823
9635744625104175
9634295229189300
9634100403725226
9633161051183942
9630193787900855
9628021413430210
9626414936260080
9620634064256263
9616092679514855
9614808603578500
9613542336545152
9611332682349227
9593636550100901
9585317306036375
9583374531330279
9575087615278576
9571656393140848
9571545077423911
9565949487953104
9565825363411784
9557420933345032
9553947364750165
9546654241045752
9546640770852468
9545895312794779
9543930267617341
9541944340074551
9539144475457224
9537814180414072
9532744228476190
9531005409091694
9528390506576813
9527655904909325
9525001687100886
9521944276654301
9521531246318084
9518181281774062
9516061116018881
9515680932610657
9513781944180260
9512359494011128
9507805085304068
9506523911552128
9494118826476555
9491165942334912
9484830117762920
9484448438632677
9468135838275492
9465069352182937
9462677860378915
9461036393880562
9460885523517933
9456041832181937
9454782613464618
9452316217381362
9448144852362108
9442782621715783
9438076808444080
9433193776664255
9431121235373528
9430843736152130
9429190000038003
9427868776508230
9427371446203440
9420611123360139
9420056634417470
9414842272747604
9404781901828365
9403433854168761
9402045503552914
9393185367106068
9391684851707111
9384241087605728
9382256132486291
9378932045776566
9376053233920746
9374440426687533
9371536224113131
9371005242289154
9367217526816246
9364285612782747
9363851377683126
9363478861935382
9360840438618213
9357365659212919
9355738544826138
9354725278749121
9354291654175330
9354012864016492
9347636321335817
9346554087474081
9343175433856777
9343114538124324
9341648713616752
9340889078273220
9339280190284354
9335868714638068
9334276281082302
9334054234075903
9327611713480475
9327572912481704
9327177383614344
9318828574473550
9317835035451224
9314676120442681
9308131318131263
9307231182830753
9307191071309223
9306466742389267
9286746007782901
9280786748886171
9276257878620278
9263378432913205
9262158851834387
9257534347675481
9257505170062184
9241710120422125
9236742266378173
9234658763885187
9231063390158371
9226763167874780
9220743817653454
9210258614006765
9205904411274276
9204875758887800
9188188334106308
9185053625912211
9183215542065445
9181538690155012
9177722583414881
9175262412656383
9174183505291188
9173881537739131
9171565814033064
9168614328458834
9152361738047828
9148341664311224
9146411146125202
9140125315634017
9130665206490419
9117713120360630
9117376668010026
9111402378545244
9105530645786015
9078538873165574
9073133884385086
9062267285463162
9052125037245806
9045475038258746
9042385340570103
9040354136514722
9034426734172820
9023430845133520
9017372016821878
9013375452507360
9012676541316634
9012060711561583
9007624406501428
9005247848228477
8883425564661234
8882751721603450
8875068428365138
8863775412607127
8858608164234763
8855701816506420
8837111518282556
8834244347312126
8831055661072328
8827144062047664
8814767544818621
8808411306308310
8804454087426780
8803814026437845
8782423470151555
8777348613181805
8776112645763568
8774843073621832
8762387247258684
8750665631832336
8747553132325742
8746345701776725
8740518328407082
8733684441810600
8733633823160814
8732125083444504
8712155532824775
8708125643767476
8686362575546640
8647836217813162
8632723830267221
8628157574618405
8622611747137860
8567282632706344
8556176533428338
8552008170807445
8512732041562676
8464375836105165
8382137614004137
8374561773764105
8371483481542461
8312240816545520
8247575424023348
8243151420512630
8241542267434563
8232321133150516
8208161225402723
8163652577410362
8021330724134451
7765304562366757
7723203663142326
7707110723324052
7543123450712075
7521453741722336
7514017422362323
7356173511717544
7306571311360667
7232032543652163
7105204663147056
6461562052475374
512530921
